id,title,description,image_link,link,product_type,brand,price,availability,item_group_id,checkout_url,additional_image_link,sale_price_effective_date,sale_price,condition,visibility,gender,color,size,pattern,google_product_category,default_product,variant
1609589414851_217726,"Sotamies Maanpuolustus tehtävänä ja kutsumuksena","Sotamies Maanpuolustus tehtävänä ja kutsumuksena",https://res.cloudinary.com/dolyfnals/images/v1609589397/pyjqbtvobvafn6moxp2d_21772588080/pyjqbtvobvafn6moxp2d_21772588080.jpg,https://dev1.kirjapino.fi/product/sotamies-maanpuolustus-tehtavana-ja-kutsumuksena/,"Sotahistoria","kirjapino.fi",17EUR,in stock,1609589414851_217726,,,1970-01-29T00:00+00:00/1970-01-30T23:59+00:00,17EUR,new,published,,,,,,,
1609589356230_217724,"Sylvin matkassa Yksityiset päiväkirjat Kiinasta","Sylvin matkassa Yksityiset päiväkirjat Kiinasta",https://res.cloudinary.com/dolyfnals/images/v1609589337/tueysamf20ttpaj6v7zm_2177234784d/tueysamf20ttpaj6v7zm_2177234784d.jpg,https://dev1.kirjapino.fi/product/sylvin-matkassa-yksityiset-paivakirjat-kiinasta/,"Matkat","kirjapino.fi",17EUR,in stock,1609589356230_217724,,,1970-01-29T00:00+00:00/1970-01-30T23:59+00:00,17EUR,new,published,,,,,,,
1609589137564_217722,"Säätiö Alfred Kordelinin yleinen edistys- ja sivistysrahasto 1920-2020","Säätiö Alfred Kordelinin yleinen edistys- ja sivistysrahasto 1920-2020",https://res.cloudinary.com/dolyfnals/images/v1609589121/rt4cpkdd0onz1te4olsr_21772174ea8/rt4cpkdd0onz1te4olsr_21772174ea8.jpg,https://dev1.kirjapino.fi/product/saatio-alfred-kordelinin-yleinen-edistys-ja-sivistysrahasto-1920-2020/,"Yritys- ja järjestöhistoriikit","kirjapino.fi",19EUR,in stock,1609589137564_217722,,,1970-01-29T00:00+00:00/1970-01-30T23:59+00:00,19EUR,new,published,,,,,,,
1609589058303_217720,"Linnut & ilmasto Matka muuttuvaan luontoon","Linnut & ilmasto Matka muuttuvaan luontoon",https://res.cloudinary.com/dolyfnals/images/v1609589037/omrfyukkciyct3rxq93o_2177192a8f6/omrfyukkciyct3rxq93o_2177192a8f6.jpg,https://dev1.kirjapino.fi/product/linnut-ilmasto-matka-muuttuvaan-luontoon/,"Luonto, lemmikit, biologia","kirjapino.fi",19EUR,in stock,1609589058303_217720,,,1970-01-29T00:00+00:00/1970-01-30T23:59+00:00,19EUR,new,published,,,,,,,
1609588936491_217718,"Vahvaksi rikotut Tarinoita seksuaaliväkivallasta Suomessa","Vahvaksi rikotut Tarinoita seksuaaliväkivallasta Suomessa",https://res.cloudinary.com/dolyfnals/images/v1609588922/brvunfrs7tyfdz1lwzhy_217717dcb5a/brvunfrs7tyfdz1lwzhy_217717dcb5a.jpg,https://dev1.kirjapino.fi/product/vahvaksi-rikotut-tarinoita-seksuaalivakivallasta-suomessa-2/,"Elämäkerrat, muistelmat, henkilöhistoria","kirjapino.fi",17EUR,in stock,1609588936491_217718,,,1970-01-29T00:00+00:00/1970-01-30T23:59+00:00,17EUR,new,published,,,,,,,
1609588855966_217716,"Kullankaivajan tytär","Kullankaivajan tytär",https://res.cloudinary.com/dolyfnals/images/v1609588849/ps370m2hua252na4wfnb_217715022e0/ps370m2hua252na4wfnb_217715022e0.jpg,https://dev1.kirjapino.fi/product/kullankaivajan-tytar/,"Elämäkerrat, muistelmat, henkilöhistoria","kirjapino.fi",25EUR,in stock,1609588855966_217716,,,1970-01-29T00:00+00:00/1970-01-30T23:59+00:00,25EUR,new,published,,,,,,,
1609588784605_217714,"Haukivuoren Houdini Aimo Leikkaan elämä ja kuolema","Haukivuoren Houdini Aimo Leikkaan elämä ja kuolema",https://res.cloudinary.com/dolyfnals/images/v1609588763/kul0vjwmaehjhropjhgv_217713b44d9/kul0vjwmaehjhropjhgv_217713b44d9.jpg,https://dev1.kirjapino.fi/product/haukivuoren-houdini-aimo-leikkaan-elama-ja-kuolema-2/,"Elämäkerrat, muistelmat, henkilöhistoria","kirjapino.fi",17EUR,in stock,1609588784605_217714,,,1970-01-29T00:00+00:00/1970-01-30T23:59+00:00,17EUR,new,published,,,,,,,
1609588626168_217712,"Lahjakkaat, sitkeät, kyvykkäät Suomalaisten naisten koulutuksen ja Konkordia-liiton historia","Lahjakkaat, sitkeät, kyvykkäät Suomalaisten naisten koulutuksen ja Konkordia-liiton historia",https://res.cloudinary.com/dolyfnals/images/v1609588608/qblsnl5hugla9eyamxws_217711ed8d3/qblsnl5hugla9eyamxws_217711ed8d3.jpg,https://dev1.kirjapino.fi/product/lahjakkaat-sitkeat-kyvykkaat-suomalaisten-naisten-koulutuksen-ja-konkordia-liiton-historia-2/,"Yritys- ja järjestöhistoriikit","kirjapino.fi",17EUR,in stock,1609588626168_217712,,,1970-01-29T00:00+00:00/1970-01-30T23:59+00:00,17EUR,new,published,,,,,,,
1609588478008_217710,"Edelläkävijät Neljän suurkauppiassuvun tarina modernisoituivassa Suomessa","Edelläkävijät Neljän suurkauppiassuvun tarina modernisoituivassa Suomessa",https://res.cloudinary.com/dolyfnals/images/v1609588464/fnt2alz0p4ldh54xykvr_21770993667/fnt2alz0p4ldh54xykvr_21770993667.jpg,https://dev1.kirjapino.fi/product/edellakavijat-neljan-suurkauppiassuvun-tarina-modernisoituivassa-suomessa/,"Elämäkerrat, muistelmat, henkilöhistoria","kirjapino.fi",23EUR,in stock,1609588478008_217710,,,1970-01-29T00:00+00:00/1970-01-30T23:59+00:00,23EUR,new,published,,,,,,,
1609588385946_217708,"Parempi ihminen parempi maailma Suomalaisen työväenteatterin päättymätön tarina","Parempi ihminen parempi maailma Suomalaisen työväenteatterin päättymätön tarina",https://res.cloudinary.com/dolyfnals/images/v1609588368/jxr2vyi1n6rfuzjqjrzh_217707b8d35/jxr2vyi1n6rfuzjqjrzh_217707b8d35.jpg,https://dev1.kirjapino.fi/product/parempi-ihminen-parempi-maailma-suomalaisen-tyovaenteatterin-paattymaton-tarina/,"Teatteri, näytelmät","kirjapino.fi",23EUR,in stock,1609588385946_217708,,,1970-01-29T00:00+00:00/1970-01-30T23:59+00:00,23EUR,new,published,,,,,,,
1609588246292_217706,"Vastuun fightback","Vastuun fightback",https://res.cloudinary.com/dolyfnals/images/v1609588248/udbe002knk1bwffeu3tw_217705b161a/udbe002knk1bwffeu3tw_217705b161a.jpg,https://dev1.kirjapino.fi/product/vastuun-fightback/,"Psykologia, kasvatus, elämäntaito","kirjapino.fi",15EUR,in stock,1609588246292_217706,,,1970-01-29T00:00+00:00/1970-01-30T23:59+00:00,15EUR,new,published,,,,,,,
1609587341352_217704,"Sextiettan Infanteriregemente 61 1941-1944","Sextiettan Infanteriregemente 61 1941-1944",https://res.cloudinary.com/dolyfnals/images/v1609587323/fi5jz4g5nw99nlw0egsr_21770339187/fi5jz4g5nw99nlw0egsr_21770339187.jpg,https://dev1.kirjapino.fi/product/sextiettan-infanteriregemente-61-1941-1944/,"Sotahistoria","kirjapino.fi",100EUR,in stock,1609587341352_217704,,,1970-01-29T00:00+00:00/1970-01-30T23:59+00:00,100EUR,new,published,,,,,,,
1609587250845_217702,"Muodoton elämä Muistelmia","Muodoton elämä Muistelmia",https://res.cloudinary.com/dolyfnals/images/v1609587228/pafm4uonswaq9t1iyyy0_217701ac6dc/pafm4uonswaq9t1iyyy0_217701ac6dc.jpg,https://dev1.kirjapino.fi/product/muodoton-elama-muistelmia-2/,"Taide, arkkitehtuuri, muotoilu, sisustus","kirjapino.fi",20EUR,in stock,1609587250845_217702,,,1970-01-29T00:00+00:00/1970-01-30T23:59+00:00,20EUR,new,published,,,,,,,
1609587136137_217700,"Arvoituksia avaruudesta Näkökulmia ufouskomuksiin","Arvoituksia avaruudesta Näkökulmia ufouskomuksiin",https://res.cloudinary.com/dolyfnals/images/v1609587117/g31dkaaonuq5uscgkhtg_2176993168e/g31dkaaonuq5uscgkhtg_2176993168e.jpg,https://dev1.kirjapino.fi/product/arvoituksia-avaruudesta-nakokulmia-ufouskomuksiin/,"Rajatieto","kirjapino.fi",23EUR,in stock,1609587136137_217700,,,1970-01-29T00:00+00:00/1970-01-30T23:59+00:00,23EUR,new,published,,,,,,,
1609587038548_217698,"Merimiestatuoinnit","Merimiestatuoinnit",https://res.cloudinary.com/dolyfnals/images/v1609587027/ce1c9mkvsek9qfi3jl3l_21769717d3e/ce1c9mkvsek9qfi3jl3l_21769717d3e.jpg,https://dev1.kirjapino.fi/product/merimiestatuoinnit-3/,"Kulttuurihistoria ja -tutkimus","kirjapino.fi",23EUR,in stock,1609587038548_217698,,,1970-01-29T00:00+00:00/1970-01-30T23:59+00:00,23EUR,new,published,,,,,,,
1609586977655_217696,"Lavatanssien hurma Keinu kanssani","Lavatanssien hurma Keinu kanssani",https://res.cloudinary.com/dolyfnals/images/v1609586961/ravbu8sysuc91uhnv7wi_217695a5d91/ravbu8sysuc91uhnv7wi_217695a5d91.jpg,https://dev1.kirjapino.fi/product/lavatanssien-hurma-keinu-kanssani/,"Kulttuurihistoria ja -tutkimus","kirjapino.fi",18EUR,in stock,1609586977655_217696,,,1970-01-29T00:00+00:00/1970-01-30T23:59+00:00,18EUR,new,published,,,,,,,
1609586672159_217694,"Kauppatavarana terveys Selviydy terveysväitteiden viidakossa","Kauppatavarana terveys Selviydy terveysväitteiden viidakossa",https://res.cloudinary.com/dolyfnals/images/v1609586665/wmkafdsohniipizlhu2m_217693b31b0/wmkafdsohniipizlhu2m_217693b31b0.jpg,https://dev1.kirjapino.fi/product/kauppatavarana-terveys-selviydy-terveysvaitteiden-viidakossa/,"Lääketiede, terveys ja kauneus","kirjapino.fi",20EUR,in stock,1609586672159_217694,,,1970-01-29T00:00+00:00/1970-01-30T23:59+00:00,20EUR,new,published,,,,,,,
1609586598920_217692,"Elämän verkko Luonnon monimuotoisuutta edistämässä","Elämän verkko Luonnon monimuotoisuutta edistämässä",https://res.cloudinary.com/dolyfnals/images/v1609586577/mvdsxj3ftiihp9tjjwhz_217691e86f2/mvdsxj3ftiihp9tjjwhz_217691e86f2.jpg,https://dev1.kirjapino.fi/product/elaman-verkko-luonnon-monimuotoisuutta-edistamassa/,"Luonto, lemmikit, biologia","kirjapino.fi",22EUR,in stock,1609586598920_217692,,,1970-01-29T00:00+00:00/1970-01-30T23:59+00:00,22EUR,new,published,,,,,,,
1609586515508_217690,"Mormonit Historia, oppi ja elämä","Mormonit Historia, oppi ja elämä",https://res.cloudinary.com/dolyfnals/images/v1609586510/ayestmuz61krg6ej0mo4_217689feb95/ayestmuz61krg6ej0mo4_217689feb95.jpg,https://dev1.kirjapino.fi/product/mormonit-historia-oppi-ja-elama/,"Yhteiskunta, laki, politiikka","kirjapino.fi",23EUR,in stock,1609586515508_217690,,,1970-01-29T00:00+00:00/1970-01-30T23:59+00:00,23EUR,new,published,,,,,,,
1609586449335_217688,"Tasa-arvopolitiikan suunnan muutoksia Talouskriisistä tasa-arvon kriiseihin","Tasa-arvopolitiikan suunnan muutoksia Talouskriisistä tasa-arvon kriiseihin",https://res.cloudinary.com/dolyfnals/images/v1609586450/umj7hondjyadadariar3_2176872b90f/umj7hondjyadadariar3_2176872b90f.jpg,https://dev1.kirjapino.fi/product/tasa-arvopolitiikan-suunnan-muutoksia-talouskriisista-tasa-arvon-kriiseihin/,"Yhteiskunta, laki, politiikka","kirjapino.fi",20EUR,in stock,1609586449335_217688,,,1970-01-29T00:00+00:00/1970-01-30T23:59+00:00,20EUR,new,published,,,,,,,
1609585935543_217686,"Jatkosodan pikkujättiläinen","Jatkosodan pikkujättiläinen",https://res.cloudinary.com/dolyfnals/images/v1609585916/x1l44ypxnfgd1uadqo4p_217685513bd/x1l44ypxnfgd1uadqo4p_217685513bd.jpg,https://dev1.kirjapino.fi/product/jatkosodan-pikkujattilainen-2/,"Sotahistoria","kirjapino.fi",25EUR,in stock,1609585935543_217686,,,1970-01-29T00:00+00:00/1970-01-30T23:59+00:00,25EUR,new,published,,,,,,,
1609585711234_217684,"Kiakki mitä olen oppinut hyväst ruoasta","Kiakki mitä olen oppinut hyväst ruoasta",https://res.cloudinary.com/dolyfnals/images/v1609585702/rtvcytmgne3eanfis2hs_21768374108/rtvcytmgne3eanfis2hs_21768374108.jpg,https://dev1.kirjapino.fi/product/kiakki-mita-olen-oppinut-hyvast-ruoasta/,"Ruoka ja kotitalous","kirjapino.fi",21EUR,in stock,1609585711234_217684,,,1970-01-29T00:00+00:00/1970-01-30T23:59+00:00,21EUR,new,published,,,,,,,
1609585572578_217682,"Shakespearen salaisuus","Shakespearen salaisuus",https://res.cloudinary.com/dolyfnals/images/v1609585548/cucthbgrbbqzcmtd8pdf_217681be0f7/cucthbgrbbqzcmtd8pdf_217681be0f7.jpg,https://dev1.kirjapino.fi/product/shakespearen-salaisuus-2/,"Kaunokirjallisuus (ulkom.)","kirjapino.fi",21EUR,in stock,1609585572578_217682,,,1970-01-29T00:00+00:00/1970-01-30T23:59+00:00,21EUR,new,published,,,,,,,
1609585438066_217680,"Salakapakoita ja tappaiskeittoa Tosikertomuksia kaiken maailman pöytien ääriltä","Salakapakoita ja tappaiskeittoa Tosikertomuksia kaiken maailman pöytien ääriltä",https://res.cloudinary.com/dolyfnals/images/v1609585431/dfzi2s2vl3vzsudppivr_2176792115a/dfzi2s2vl3vzsudppivr_2176792115a.jpg,https://dev1.kirjapino.fi/product/salakapakoita-ja-tappaiskeittoa-tosikertomuksia-kaiken-maailman-poytien-aarilta/,"Matkat","kirjapino.fi",15EUR,in stock,1609585438066_217680,,,1970-01-29T00:00+00:00/1970-01-30T23:59+00:00,15EUR,new,published,,,,,,,
1609585172423_217678,"Minä ja Kekkonen","Minä ja Kekkonen",https://res.cloudinary.com/dolyfnals/images/v1609585156/nrwvsmo3n4axbtri8jgu_21767715c0f/nrwvsmo3n4axbtri8jgu_21767715c0f.jpg,https://dev1.kirjapino.fi/product/mina-ja-kekkonen-2/,"Elämäkerrat, muistelmat, henkilöhistoria","kirjapino.fi",13EUR,in stock,1609585172423_217678,,,1970-01-29T00:00+00:00/1970-01-30T23:59+00:00,13EUR,new,published,,,,,,,
1609584949776_217676,"Kivi Aleksis - Katajamäki Sakari (toim.)","Kivi Aleksis - Katajamäki Sakari (toim.)",https://res.cloudinary.com/dolyfnals/images/v1609584948/yeyo11mfe3vqk4tijmye_21767596b5b/yeyo11mfe3vqk4tijmye_21767596b5b.jpg,https://dev1.kirjapino.fi/product/kivi-aleksis-katajamaki-sakari-toim/,"Kirjallisuustutkimus","kirjapino.fi",18EUR,in stock,1609584949776_217676,,,1970-01-29T00:00+00:00/1970-01-30T23:59+00:00,18EUR,new,published,,,,,,,
1609584865818_217674,"Se tapahtui meille Isän ja tyttären matka inkerinsuomalaisuuteen","Se tapahtui meille Isän ja tyttären matka inkerinsuomalaisuuteen",https://res.cloudinary.com/dolyfnals/images/v1609584846/rhxo33uygcn2jjcwq73o_2176737991e/rhxo33uygcn2jjcwq73o_2176737991e.jpg,https://dev1.kirjapino.fi/product/se-tapahtui-meille-isan-ja-tyttaren-matka-inkerinsuomalaisuuteen-2/,"Elämäkerrat, muistelmat, henkilöhistoria","kirjapino.fi",15EUR,in stock,1609584865818_217674,,,1970-01-29T00:00+00:00/1970-01-30T23:59+00:00,15EUR,new,published,,,,,,,
1609584751090_217672,"Onecoin Suuri bittirahahuijaus","Onecoin Suuri bittirahahuijaus",https://res.cloudinary.com/dolyfnals/images/v1609584745/wkaskz2pogeh4av08au1_21767179878/wkaskz2pogeh4av08au1_21767179878.jpg,https://dev1.kirjapino.fi/product/onecoin-suuri-bittirahahuijaus-2/,"Yhteiskunta, laki, politiikka","kirjapino.fi",15EUR,in stock,1609584751090_217672,,,1970-01-29T00:00+00:00/1970-01-30T23:59+00:00,15EUR,new,published,,,,,,,
1609583775661_217670,"Suomalainen auttaminen Tukiverkostot suurten ikäluokkien ja heidän lastensa elämässä","Suomalainen auttaminen Tukiverkostot suurten ikäluokkien ja heidän lastensa elämässä",https://res.cloudinary.com/dolyfnals/images/v1609583758/auybukhbx0opbe2swslg_217669ec804/auybukhbx0opbe2swslg_217669ec804.jpg,https://dev1.kirjapino.fi/product/suomalainen-auttaminen-tukiverkostot-suurten-ikaluokkien-ja-heidan-lastensa-elamassa-2/,"Yhteiskunta, laki, politiikka","kirjapino.fi",15EUR,in stock,1609583775661_217670,,,1970-01-29T00:00+00:00/1970-01-30T23:59+00:00,15EUR,new,published,,,,,,,
1609581630508_217667,"Kuuluisan kuoleman varjo Miksi Kyllikki Saaren murha ei unohdu?","Kuuluisan kuoleman varjo Miksi Kyllikki Saaren murha ei unohdu?",https://res.cloudinary.com/dolyfnals/images/v1609581623/nannm3dahrokvdup966h_2176669ee88/nannm3dahrokvdup966h_2176669ee88.jpg,https://dev1.kirjapino.fi/product/kuuluisan-kuoleman-varjo-miksi-kyllikki-saaren-murha-ei-unohdu/,"Yhteiskunta, laki, politiikka","kirjapino.fi",19EUR,in stock,1609581630508_217667,,,1970-01-29T00:00+00:00/1970-01-30T23:59+00:00,19EUR,new,published,,,,,,,
1609581386896_217665,"Pinnan alla Elämäni valkohain kanssa","Pinnan alla Elämäni valkohain kanssa",https://res.cloudinary.com/dolyfnals/images/v1609581364/s2fptxtcgazhfvljcmbh_21766433b93/s2fptxtcgazhfvljcmbh_21766433b93.jpg,https://dev1.kirjapino.fi/product/pinnan-alla-elamani-valkohain-kanssa/,"Luonto, lemmikit, biologia","kirjapino.fi",15EUR,in stock,1609581386896_217665,,,1970-01-29T00:00+00:00/1970-01-30T23:59+00:00,15EUR,new,published,,,,,,,
1609581302809_217663,"Aina poltti sikaria Jean Sibelius aikalaisten silmin","Aina poltti sikaria Jean Sibelius aikalaisten silmin",https://res.cloudinary.com/dolyfnals/images/v1609581288/e2mrudhrvrheimiehijq_21766258d7e/e2mrudhrvrheimiehijq_21766258d7e.jpg,https://dev1.kirjapino.fi/product/aina-poltti-sikaria-jean-sibelius-aikalaisten-silmin-2/,"Musiikki","kirjapino.fi",18EUR,in stock,1609581302809_217663,,,1970-01-29T00:00+00:00/1970-01-30T23:59+00:00,18EUR,new,published,,,,,,,
1609580593460_217661,"Eri mieltä Todenpuhuja Kauko Kareen elämä","Eri mieltä Todenpuhuja Kauko Kareen elämä",https://res.cloudinary.com/dolyfnals/images/v1609580570/vk8ushms07vsworurdmf_217660440d7/vk8ushms07vsworurdmf_217660440d7.jpg,https://dev1.kirjapino.fi/product/eri-mielta-todenpuhuja-kauko-kareen-elama-2/,"Elämäkerrat, muistelmat, henkilöhistoria","kirjapino.fi",15EUR,in stock,1609580593460_217661,,,1970-01-29T00:00+00:00/1970-01-30T23:59+00:00,15EUR,new,published,,,,,,,
1609580518345_217659,"Tampereen sotakirja Kalevankankaan unelmia","Tampereen sotakirja Kalevankankaan unelmia",https://res.cloudinary.com/dolyfnals/images/v1609580511/opqhhftc113ssncey4kh_217658a3b9e/opqhhftc113ssncey4kh_217658a3b9e.jpg,https://dev1.kirjapino.fi/product/tampereen-sotakirja-kalevankankaan-unelmia/,"Suomen historia","kirjapino.fi",15EUR,in stock,1609580518345_217659,,,1970-01-29T00:00+00:00/1970-01-30T23:59+00:00,15EUR,new,published,,,,,,,
1609424350579_217640,"Elämän merkityksen jäljillä Keskustelukirjeitä","Elämän merkityksen jäljillä Keskustelukirjeitä",https://res.cloudinary.com/dolyfnals/images/v1609424337/sjfwar5bbnu5neuqryha_2176398f6d6/sjfwar5bbnu5neuqryha_2176398f6d6.jpg,https://dev1.kirjapino.fi/product/elaman-merkityksen-jaljilla-keskustelukirjeita/,"Filosofia","kirjapino.fi",16EUR,in stock,1609424350579_217640,,,1970-01-29T00:00+00:00/1970-01-30T23:59+00:00,16EUR,new,published,,,,,,,
1609424282077_217638,"Tähdet meren yllä Suomalaisen tangon tarina","Tähdet meren yllä Suomalaisen tangon tarina",https://res.cloudinary.com/dolyfnals/images/v1609424268/vz9ijlhcr7l7zojx4e6u_217637ff975/vz9ijlhcr7l7zojx4e6u_217637ff975.jpg,https://dev1.kirjapino.fi/product/tahdet-meren-ylla-suomalaisen-tangon-tarina-2/,"Musiikki","kirjapino.fi",16EUR,in stock,1609424282077_217638,,,1970-01-29T00:00+00:00/1970-01-30T23:59+00:00,16EUR,new,published,,,,,,,
1609424121885_217636,"Apteekkari Melchior ja Gotlannin piru Murhamysteeri keskiajan Tallinnasta","Apteekkari Melchior ja Gotlannin piru Murhamysteeri keskiajan Tallinnasta",https://res.cloudinary.com/dolyfnals/images/v1609424104/j31cpnx4ubophmd8nzm3_2176353f01f/j31cpnx4ubophmd8nzm3_2176353f01f.jpg,https://dev1.kirjapino.fi/product/apteekkari-melchior-ja-gotlannin-piru-murhamysteeri-keskiajan-tallinnasta/,"Dekkarit (ulkom.)","kirjapino.fi",13EUR,in stock,1609424121885_217636,,,1970-01-29T00:00+00:00/1970-01-30T23:59+00:00,13EUR,new,published,,,,,,,
1609424028726_217634,"Täällä Lontoo BBC:n suomalaistoimittajat idän ja lännen välisessä informaatiosodassa","Täällä Lontoo BBC:n suomalaistoimittajat idän ja lännen välisessä informaatiosodassa",https://res.cloudinary.com/dolyfnals/images/v1609424011/smbja5jblzuorsf3w7xt_2176339deb5/smbja5jblzuorsf3w7xt_2176339deb5.jpg,https://dev1.kirjapino.fi/product/taalla-lontoo-bbcn-suomalaistoimittajat-idan-ja-lannen-valisessa-informaatiosodassa/,"Media ja tiedotus","kirjapino.fi",15EUR,in stock,1609424028726_217634,,,1970-01-29T00:00+00:00/1970-01-30T23:59+00:00,15EUR,new,published,,,,,,,
1609423921729_217632,"Rikottu enkeli Nainen bikereiden maailmassa","Rikottu enkeli Nainen bikereiden maailmassa",https://res.cloudinary.com/dolyfnals/images/v1609423909/lmf8zqefvkzbzapfnid6_21763189f4d/lmf8zqefvkzbzapfnid6_21763189f4d.jpg,https://dev1.kirjapino.fi/product/rikottu-enkeli-nainen-bikereiden-maailmassa-2/,"Elämäkerrat, muistelmat, henkilöhistoria","kirjapino.fi",15EUR,in stock,1609423921729_217632,,,1970-01-29T00:00+00:00/1970-01-30T23:59+00:00,15EUR,new,published,,,,,,,
1609423844979_217630,"Strategiana asiakaskokemus","Strategiana asiakaskokemus",https://res.cloudinary.com/dolyfnals/images/v1609423847/azqhawjncsphvpnrceqj_217629929a7/azqhawjncsphvpnrceqj_217629929a7.jpg,https://dev1.kirjapino.fi/product/strategiana-asiakaskokemus/,"Talous (liiketalous, kansantalous)","kirjapino.fi",20EUR,in stock,1609423844979_217630,,,1970-01-29T00:00+00:00/1970-01-30T23:59+00:00,20EUR,new,published,,,,,,,
1609423754225_217628,"Loputtomat kihlajaiset Yritykset ja kolmikantakorpotatismi Suomessa 1940-2020","Loputtomat kihlajaiset Yritykset ja kolmikantakorpotatismi Suomessa 1940-2020",https://res.cloudinary.com/dolyfnals/images/v1609423736/wvrw9akuli6zbccf4cyi_217627c211f/wvrw9akuli6zbccf4cyi_217627c211f.jpg,https://dev1.kirjapino.fi/product/loputtomat-kihlajaiset-yritykset-ja-kolmikantakorpotatismi-suomessa-1940-2020/,"Yhteiskunta, laki, politiikka","kirjapino.fi",15EUR,in stock,1609423754225_217628,,,1970-01-29T00:00+00:00/1970-01-30T23:59+00:00,15EUR,new,published,,,,,,,
1609423638873_217626,"Viro (sensuroimaton)","Viro (sensuroimaton)",https://res.cloudinary.com/dolyfnals/images/v1609423624/cs1nkexj4ugbc9znaogh_217625cc84c/cs1nkexj4ugbc9znaogh_217625cc84c.jpg,https://dev1.kirjapino.fi/product/viro-sensuroimaton-2/,"Kaunokirjallisuus (ulkom.)","kirjapino.fi",13EUR,in stock,1609423638873_217626,,,1970-01-29T00:00+00:00/1970-01-30T23:59+00:00,13EUR,new,published,,,,,,,
1609423582113_217624,"Romuluksen sielu","Romuluksen sielu",https://res.cloudinary.com/dolyfnals/images/v1609423563/zn8qjmnafa8gnbzovezz_2176232365c/zn8qjmnafa8gnbzovezz_2176232365c.jpg,https://dev1.kirjapino.fi/product/romuluksen-sielu/,"Tähtitiede, avaruustutkimus","kirjapino.fi",15EUR,in stock,1609423582113_217624,,,1970-01-29T00:00+00:00/1970-01-30T23:59+00:00,15EUR,new,published,,,,,,,
1609423371302_217622,"Kolmasti kuopattu Urho Kekkosen poliittiset taisteluvuodet 1944-1956","Kolmasti kuopattu Urho Kekkosen poliittiset taisteluvuodet 1944-1956",https://res.cloudinary.com/dolyfnals/images/v1609423370/tmrkvdfsayx0dsighh4j_21762183c05/tmrkvdfsayx0dsighh4j_21762183c05.jpg,https://dev1.kirjapino.fi/product/kolmasti-kuopattu-urho-kekkosen-poliittiset-taisteluvuodet-1944-1956/,"Suomen historia","kirjapino.fi",16EUR,in stock,1609423371302_217622,,,1970-01-29T00:00+00:00/1970-01-30T23:59+00:00,16EUR,new,published,,,,,,,
1609421429669_217620,"Tutkimus ja päätöksenteko hyvinvointivaltiossa Havaintoja viideltä vuosikymmeneltä","Tutkimus ja päätöksenteko hyvinvointivaltiossa Havaintoja viideltä vuosikymmeneltä",https://res.cloudinary.com/dolyfnals/images/v1609421422/nyzfmus1m8mkry3d1i7i_217619232ee/nyzfmus1m8mkry3d1i7i_217619232ee.jpg,https://dev1.kirjapino.fi/product/tutkimus-ja-paatoksenteko-hyvinvointivaltiossa-havaintoja-viidelta-vuosikymmenelta/,"Yhteiskunta, laki, politiikka","kirjapino.fi",13EUR,in stock,1609421429669_217620,,,1970-01-29T00:00+00:00/1970-01-30T23:59+00:00,13EUR,new,published,,,,,,,
1609421342855_217618,"Ei jälkeäkään 11 suomalaista kadonnutta ja kaivattua","Ei jälkeäkään 11 suomalaista kadonnutta ja kaivattua",https://res.cloudinary.com/dolyfnals/images/v1609421328/kefxfa0sh0vpe6xcbery_2176174560b/kefxfa0sh0vpe6xcbery_2176174560b.jpg,https://dev1.kirjapino.fi/product/ei-jalkeakaan-11-suomalaista-kadonnutta-ja-kaivattua/,"Yhteiskunta, laki, politiikka","kirjapino.fi",15EUR,in stock,1609421342855_217618,,,1970-01-29T00:00+00:00/1970-01-30T23:59+00:00,15EUR,new,published,,,,,,,
1609421265892_217616,"Vaikuttaminen ja manipulointi","Vaikuttaminen ja manipulointi",https://res.cloudinary.com/dolyfnals/images/v1609421268/rczcb5vmrnldnovbh8yn_21761567ddc/rczcb5vmrnldnovbh8yn_21761567ddc.jpg,https://dev1.kirjapino.fi/product/vaikuttaminen-ja-manipulointi/,"Psykologia, kasvatus, elämäntaito","kirjapino.fi",17EUR,in stock,1609421265892_217616,,,1970-01-29T00:00+00:00/1970-01-30T23:59+00:00,17EUR,new,published,,,,,,,
1609421145355_217614,"Ääniä sodasta Syyrian tie vallankumouksesta suursotaan","Ääniä sodasta Syyrian tie vallankumouksesta suursotaan",https://res.cloudinary.com/dolyfnals/images/v1609421148/gmcnf8u5ngqhw1kv320z_2176139df50/gmcnf8u5ngqhw1kv320z_2176139df50.jpg,https://dev1.kirjapino.fi/product/aania-sodasta-syyrian-tie-vallankumouksesta-suursotaan/,"Yhteiskunta, laki, politiikka","kirjapino.fi",17EUR,in stock,1609421145355_217614,,,1970-01-29T00:00+00:00/1970-01-30T23:59+00:00,17EUR,new,published,,,,,,,
1609421037282_217612,"Trumpin kansa Keitä he ovat ja miksi he rakastavat johtajaansa","Trumpin kansa Keitä he ovat ja miksi he rakastavat johtajaansa",https://res.cloudinary.com/dolyfnals/images/v1609421028/teumdkq8o5z3a4iplq3m_217611a154b/teumdkq8o5z3a4iplq3m_217611a154b.jpg,https://dev1.kirjapino.fi/product/trumpin-kansa-keita-he-ovat-ja-miksi-he-rakastavat-johtajaansa-2/,"Yhteiskunta, laki, politiikka","kirjapino.fi",13EUR,in stock,1609421037282_217612,,,1970-01-29T00:00+00:00/1970-01-30T23:59+00:00,13EUR,new,published,,,,,,,
1609420199960_217610,"Talo ilman hometta","Talo ilman hometta",https://res.cloudinary.com/dolyfnals/images/v1609420188/wpde12lncnbi31ewyavp_217609a8a73/wpde12lncnbi31ewyavp_217609a8a73.jpg,https://dev1.kirjapino.fi/product/talo-ilman-hometta/,"Lääketiede, terveys ja kauneus","kirjapino.fi",15EUR,in stock,1609420199960_217610,,,1970-01-29T00:00+00:00/1970-01-30T23:59+00:00,15EUR,new,published,,,,,,,
1609420145840_217608,"Itärakentajat Työmailla Neuvostoliitossa","Itärakentajat Työmailla Neuvostoliitossa",https://res.cloudinary.com/dolyfnals/images/v1609420129/udrnjc9cv37pmyt8nnwm_21760716772/udrnjc9cv37pmyt8nnwm_21760716772.jpg,https://dev1.kirjapino.fi/product/itarakentajat-tyomailla-neuvostoliitossa/,"Yhteiskunta, laki, politiikka","kirjapino.fi",15EUR,in stock,1609420145840_217608,,,1970-01-29T00:00+00:00/1970-01-30T23:59+00:00,15EUR,new,published,,,,,,,
1609420054601_217606,"Kuokkavieraita Diabetes, allergia ja meidän perhe","Kuokkavieraita Diabetes, allergia ja meidän perhe",https://res.cloudinary.com/dolyfnals/images/v1609420042/gcnqv3tkkuz0osnmlrki_2176053f4cd/gcnqv3tkkuz0osnmlrki_2176053f4cd.jpg,https://dev1.kirjapino.fi/product/kuokkavieraita-diabetes-allergia-ja-meidan-perhe/,"Lääketiede, terveys ja kauneus","kirjapino.fi",13EUR,in stock,1609420054601_217606,,,1970-01-29T00:00+00:00/1970-01-30T23:59+00:00,13EUR,new,published,,,,,,,
1609419985945_217604,"Kiinan suuri harppaus Päämääränä maailman valvotuin kansa","Kiinan suuri harppaus Päämääränä maailman valvotuin kansa",https://res.cloudinary.com/dolyfnals/images/v1609419965/pxpynitbjq8xndnwu8us_2176033d308/pxpynitbjq8xndnwu8us_2176033d308.jpg,https://dev1.kirjapino.fi/product/kiinan-suuri-harppaus-paamaarana-maailman-valvotuin-kansa/,"Yhteiskunta, laki, politiikka","kirjapino.fi",15EUR,in stock,1609419985945_217604,,,1970-01-29T00:00+00:00/1970-01-30T23:59+00:00,15EUR,new,published,,,,,,,
1609419905238_217602,"Yhdessä Intohimosuhteesta hoivasuhteeseen","Yhdessä Intohimosuhteesta hoivasuhteeseen",https://res.cloudinary.com/dolyfnals/images/v1609419889/lttdtkc18fu7kbqimjo6_217601182b4/lttdtkc18fu7kbqimjo6_217601182b4.jpg,https://dev1.kirjapino.fi/product/yhdessa-intohimosuhteesta-hoivasuhteeseen-2/,"Elämäkerrat, muistelmat, henkilöhistoria","kirjapino.fi",13EUR,in stock,1609419905238_217602,,,1970-01-29T00:00+00:00/1970-01-30T23:59+00:00,13EUR,new,published,,,,,,,
1609419619989_217599,"Lukemisen voima Rauhoita mielesi ja paranna keskittymiskykyäsi","Lukemisen voima Rauhoita mielesi ja paranna keskittymiskykyäsi",https://res.cloudinary.com/dolyfnals/images/v1609419717/nno638/nno638.jpg,https://dev1.kirjapino.fi/product/lukemisen-voima-rauhoita-mielesi-ja-paranna-keskittymiskykyasi/,"Psykologia, kasvatus, elämäntaito","kirjapino.fi",15EUR,in stock,1609419619989_217599,,,1970-01-29T00:00+00:00/1970-01-30T23:59+00:00,15EUR,new,published,,,,,,,
1609419541177_217597,"Hyvän elämän opas Elämäntaidon helmiä eri puolilta maailmaa","Hyvän elämän opas Elämäntaidon helmiä eri puolilta maailmaa",https://res.cloudinary.com/dolyfnals/images/v1609419518/c9u9khl1rzl8boae8z7b_2175969b348/c9u9khl1rzl8boae8z7b_2175969b348.jpg,https://dev1.kirjapino.fi/product/hyvan-elaman-opas-elamantaidon-helmia-eri-puolilta-maailmaa-2/,"Psykologia, kasvatus, elämäntaito","kirjapino.fi",15EUR,in stock,1609419541177_217597,,,1970-01-29T00:00+00:00/1970-01-30T23:59+00:00,15EUR,new,published,,,,,,,
1609419467406_217595,"Kasvun paikka","Kasvun paikka",https://res.cloudinary.com/dolyfnals/images/v1609419468/taxtstibhzbxqueiccfg_21759497c8d/taxtstibhzbxqueiccfg_21759497c8d.jpg,https://dev1.kirjapino.fi/product/kasvun-paikka-2/,"Psykologia, kasvatus, elämäntaito","kirjapino.fi",15EUR,in stock,1609419467406_217595,,,1970-01-29T00:00+00:00/1970-01-30T23:59+00:00,15EUR,new,published,,,,,,,
1609419299397_217593,"Muutoksen matkaopas Kartanlukuohjeita omaa tietään etsiville","Muutoksen matkaopas Kartanlukuohjeita omaa tietään etsiville",https://res.cloudinary.com/dolyfnals/images/v1609419283/gwlmoctuh0wt0k2q6cup_217592fbac5/gwlmoctuh0wt0k2q6cup_217592fbac5.jpg,https://dev1.kirjapino.fi/product/muutoksen-matkaopas-kartanlukuohjeita-omaa-tietaan-etsiville-2/,"Psykologia, kasvatus, elämäntaito","kirjapino.fi",15EUR,in stock,1609419299397_217593,,,1970-01-29T00:00+00:00/1970-01-30T23:59+00:00,15EUR,new,published,,,,,,,
1609419203344_217591,"Papyrusten aika","Papyrusten aika",https://res.cloudinary.com/dolyfnals/images/v1609419187/rbgezzyje5xdjfs6tcta_2175901fc3f/rbgezzyje5xdjfs6tcta_2175901fc3f.jpg,https://dev1.kirjapino.fi/product/papyrusten-aika-3/,"Antiikin Kreikka ja Rooma","kirjapino.fi",15EUR,in stock,1609419203344_217591,,,1970-01-29T00:00+00:00/1970-01-30T23:59+00:00,15EUR,new,published,,,,,,,
1608649370214_217510,"Rikos ja rangaistus (Uusi suomennos, Olli Kuukasjärvi)","(Uusi suomennos, Olli Kuukasjärvi)",https://res.cloudinary.com/dolyfnals/images/v1608649385/gexscelbz16yhnyaull9_217509ecfdb/gexscelbz16yhnyaull9_217509ecfdb.jpg,https://dev1.kirjapino.fi/product/rikos-ja-rangaistus-uusi-suomennos-olli-kuukasjarvi/,"Kaunokirjallisuus (ulkom.)","kirjapino.fi",40EUR,in stock,1608649370214_217510,,,1970-01-29T00:00+00:00/1970-01-30T23:59+00:00,40EUR,new,published,,,,,,,
1608646551335_217508,"Sisällissodan taistelut Kaatunut, kadonnut, teloitettu","Sisällissodan taistelut Kaatunut, kadonnut, teloitettu",https://res.cloudinary.com/dolyfnals/images/v1608646549/iuuy2faxerkibszpbwbk_2175075863e/iuuy2faxerkibszpbwbk_2175075863e.jpg,https://dev1.kirjapino.fi/product/sisallissodan-taistelut-kaatunut-kadonnut-teloitettu/,"Sotahistoria","kirjapino.fi",25EUR,in stock,1608646551335_217508,,,1970-01-29T00:00+00:00/1970-01-30T23:59+00:00,25EUR,new,published,,,,,,,
1608646452164_217506,"Könönen Janne","Könönen Janne",https://res.cloudinary.com/dolyfnals/images/v1608646446/bwfi0fm5gkedq91ergc2_2175059cead/bwfi0fm5gkedq91ergc2_2175059cead.jpg,https://dev1.kirjapino.fi/product/kononen-janne/,"Suomen historia","kirjapino.fi",20EUR,in stock,1608646452164_217506,,,1970-01-29T00:00+00:00/1970-01-30T23:59+00:00,20EUR,new,published,,,,,,,
1608646338308_217504,"Onnellisten lasten salaisuudet","Onnellisten lasten salaisuudet",https://res.cloudinary.com/dolyfnals/images/v1608646340/yyn9576wzqg74hcgpxgr_21750304193/yyn9576wzqg74hcgpxgr_21750304193.jpg,https://dev1.kirjapino.fi/product/onnellisten-lasten-salaisuudet/,"Psykologia, kasvatus, elämäntaito","kirjapino.fi",13EUR,in stock,1608646338308_217504,,,1970-01-29T00:00+00:00/1970-01-30T23:59+00:00,13EUR,new,published,,,,,,,
1608646268713_217502,"Rauhantutkimus kautta vuosien","Rauhantutkimus kautta vuosien",https://res.cloudinary.com/dolyfnals/images/v1608646258/iu5ccwofz6at4f4ao1pp_2175019c02e/iu5ccwofz6at4f4ao1pp_2175019c02e.jpg,https://dev1.kirjapino.fi/product/rauhantutkimus-kautta-vuosien/,"Yhteiskunta, laki, politiikka","kirjapino.fi",13EUR,in stock,1608646268713_217502,,,1970-01-29T00:00+00:00/1970-01-30T23:59+00:00,13EUR,new,published,,,,,,,
1608646201599_217500,"Tampere tulessa 1918","Tampere tulessa 1918",https://res.cloudinary.com/dolyfnals/images/v1608646190/tyalia3jdywxdlwug4a2_217499d5cb1/tyalia3jdywxdlwug4a2_217499d5cb1.jpg,https://dev1.kirjapino.fi/product/tampere-tulessa-1918/,"Sotahistoria","kirjapino.fi",25EUR,in stock,1608646201599_217500,,,1970-01-29T00:00+00:00/1970-01-30T23:59+00:00,25EUR,new,published,,,,,,,
1608646081356_217498,"Syksystä suvehen Lauluja ja runotarinoita","Syksystä suvehen Lauluja ja runotarinoita",https://res.cloudinary.com/dolyfnals/images/v1608646069/iijwyqpn2aixmnqn7udm_21749797b09/iijwyqpn2aixmnqn7udm_21749797b09.jpg,https://dev1.kirjapino.fi/product/syksysta-suvehen-lauluja-ja-runotarinoita/,"Runot","kirjapino.fi",25EUR,in stock,1608646081356_217498,,,1970-01-29T00:00+00:00/1970-01-30T23:59+00:00,25EUR,new,published,,,,,,,
1608645966969_217496,"Ensimmäinen hyönteiskirjani","Ensimmäinen hyönteiskirjani",https://res.cloudinary.com/dolyfnals/images/v1608645956/xq1dj1ozd5zaafvbdmdb_2174959c701/xq1dj1ozd5zaafvbdmdb_2174959c701.jpg,https://dev1.kirjapino.fi/product/ensimmainen-hyonteiskirjani/,"Lastenkirjat, sadut","kirjapino.fi",13EUR,in stock,1608645966969_217496,,,1970-01-29T00:00+00:00/1970-01-30T23:59+00:00,13EUR,new,published,,,,,,,
1608645921648_217494,"Ensimmäinen eläinoppaani","Ensimmäinen eläinoppaani",https://res.cloudinary.com/dolyfnals/images/v1608645922/dqm8bk3zjrxbav34bgle_2174939ca83/dqm8bk3zjrxbav34bgle_2174939ca83.jpg,https://dev1.kirjapino.fi/product/ensimmainen-elainoppaani/,"Lastenkirjat, sadut","kirjapino.fi",13EUR,in stock,1608645921648_217494,,,1970-01-29T00:00+00:00/1970-01-30T23:59+00:00,13EUR,new,published,,,,,,,
1608645789751_217492,"Ensimmäinen lintukirjani","Ensimmäinen lintukirjani",https://res.cloudinary.com/dolyfnals/images/v1608645777/cldinwodvtljuddqfdjh_2174919e789/cldinwodvtljuddqfdjh_2174919e789.jpg,https://dev1.kirjapino.fi/product/ensimmainen-lintukirjani/,"Lastenkirjat, sadut","kirjapino.fi",13EUR,in stock,1608645789751_217492,,,1970-01-29T00:00+00:00/1970-01-30T23:59+00:00,13EUR,new,published,,,,,,,
1608645695258_217490,"Myöhempien aikojen pyhiä","Myöhempien aikojen pyhiä",https://res.cloudinary.com/dolyfnals/images/v1608645686/lwn3ij6esrsnemq7w5wh_217489178c8/lwn3ij6esrsnemq7w5wh_217489178c8.jpg,https://dev1.kirjapino.fi/product/myohempien-aikojen-pyhia/,"Kaunokirjallisuus (kotim.)","kirjapino.fi",13EUR,in stock,1608645695258_217490,,,1970-01-29T00:00+00:00/1970-01-30T23:59+00:00,13EUR,new,published,,,,,,,
1608645626902_217488,"Sokea piste Suuri vuosisata IV","Sokea piste Suuri vuosisata IV",https://res.cloudinary.com/dolyfnals/images/v1608645622/oyrrb5czuw6dqriobngq_21748705223/oyrrb5czuw6dqriobngq_21748705223.jpg,https://dev1.kirjapino.fi/product/sokea-piste-suuri-vuosisata-iv/,"Kaunokirjallisuus (ulkom.)","kirjapino.fi",17EUR,in stock,1608645626902_217488,,,1970-01-29T00:00+00:00/1970-01-30T23:59+00:00,17EUR,new,published,,,,,,,
1608645554106_217486,"Winter Toivo","Lisiä Uudenkaupungin historiaan",https://res.cloudinary.com/dolyfnals/images/v1608645545/lqpqt4rt3rj5o0a6p5y1_217485f358d/lqpqt4rt3rj5o0a6p5y1_217485f358d.jpg,https://dev1.kirjapino.fi/product/winter-toivo/,"Yritys- ja järjestöhistoriikit","kirjapino.fi",40EUR,in stock,1608645554106_217486,,,1970-01-29T00:00+00:00/1970-01-30T23:59+00:00,40EUR,new,published,,,,,,,
1608645459407_217484,"En soisi sen päättyvän","En soisi sen päättyvän",https://res.cloudinary.com/dolyfnals/images/v1608645469/xebsklyvq33tgjfwiisa_2174834c6cd/xebsklyvq33tgjfwiisa_2174834c6cd.jpg,https://dev1.kirjapino.fi/product/en-soisi-sen-paattyvan/,"Runot","kirjapino.fi",30EUR,in stock,1608645459407_217484,,,1970-01-29T00:00+00:00/1970-01-30T23:59+00:00,30EUR,new,published,,,,,,,
1608645289310_217480,"Vi slogs och blödde Ung finlandssvensk soldat i IR 61","Vi slogs och blödde Ung finlandssvensk soldat i IR 61",https://res.cloudinary.com/dolyfnals/images/v1608645288/yeyhvm4ga2fjd2vpnxr9_217479cd9f4/yeyhvm4ga2fjd2vpnxr9_217479cd9f4.jpg,https://dev1.kirjapino.fi/product/vi-slogs-och-blodde-ung-finlandssvensk-soldat-i-ir-61/,"Sotahistoria","kirjapino.fi",30EUR,in stock,1608645289310_217480,,,1970-01-29T00:00+00:00/1970-01-30T23:59+00:00,30EUR,new,published,,,,,,,
1608645076850_217478,"Valtio ja vallankumous Suomessa","Valtio ja vallankumous Suomessa",https://res.cloudinary.com/dolyfnals/images/v1608645063/qmsuqk3hdirxiuu48kto_217477d8634/qmsuqk3hdirxiuu48kto_217477d8634.jpg,https://dev1.kirjapino.fi/product/valtio-ja-vallankumous-suomessa-2/,"Sotahistoria","kirjapino.fi",25EUR,in stock,1608645076850_217478,,,1970-01-29T00:00+00:00/1970-01-30T23:59+00:00,25EUR,new,published,,,,,,,
1608644906619_217476,"He antoivat kaikkensa Viime sodissa menehtyneet suomalaiset mestariurheilijat","He antoivat kaikkensa Viime sodissa menehtyneet suomalaiset mestariurheilijat",https://res.cloudinary.com/dolyfnals/images/v1608644901/ggemrylz8qbwqlv3qvst_217475fd1f4/ggemrylz8qbwqlv3qvst_217475fd1f4.jpg,https://dev1.kirjapino.fi/product/he-antoivat-kaikkensa-viime-sodissa-menehtyneet-suomalaiset-mestariurheilijat/,"Urheilu","kirjapino.fi",20EUR,in stock,1608644906619_217476,,,1970-01-29T00:00+00:00/1970-01-30T23:59+00:00,20EUR,new,published,,,,,,,
1608644823619_217474,"Asemapaikkana Peking","Suomen ja Kiinan kansantasavallan suhteiden neljästä ensimmäisestä vuosikymmenestä sekä tehtävästä Pohjois-Koreassa",https://res.cloudinary.com/dolyfnals/images/v1608644817/zomw4x7thp1hfcrofdok_2174734cde8/zomw4x7thp1hfcrofdok_2174734cde8.jpg,https://dev1.kirjapino.fi/product/asemapaikkana-peking/,"Elämäkerrat, muistelmat, henkilöhistoria","kirjapino.fi",15EUR,in stock,1608644823619_217474,,,1970-01-29T00:00+00:00/1970-01-30T23:59+00:00,15EUR,new,published,,,,,,,
1608644699294_217472,"Väärinymmärryksiä Miten voisimme puhua ja kuunnella paremmin?","Väärinymmärryksiä Miten voisimme puhua ja kuunnella paremmin?",https://res.cloudinary.com/dolyfnals/images/v1608644693/smyhnab2bao8429bjs55_21747114e25/smyhnab2bao8429bjs55_21747114e25.jpg,https://dev1.kirjapino.fi/product/vaarinymmarryksia-miten-voisimme-puhua-ja-kuunnella-paremmin-2/,"Filosofia","kirjapino.fi",20EUR,in stock,1608644699294_217472,,,1970-01-29T00:00+00:00/1970-01-30T23:59+00:00,20EUR,new,published,,,,,,,
1608565698120_217452,"Locke Lamoran valheet","Locke Lamoran valheet",https://res.cloudinary.com/dolyfnals/images/v1608565718/yyspmjxoqlmicqg26g3r_2174517191d/yyspmjxoqlmicqg26g3r_2174517191d.jpg,https://dev1.kirjapino.fi/product/locke-lamoran-valheet/,"Scifi, fantasia","kirjapino.fi",30EUR,in stock,1608565698120_217452,,,1970-01-29T00:00+00:00/1970-01-30T23:59+00:00,30EUR,new,published,,,,,,,
1608564542614_217450,"Kustomeita Härmästä","Kustomeita Härmästä",https://res.cloudinary.com/dolyfnals/images/v1608564569/s5v7hbibmlvx4zit7n8x_2174490efba/s5v7hbibmlvx4zit7n8x_2174490efba.jpg,https://dev1.kirjapino.fi/product/kustomeita-harmasta/,"Tekniikka","kirjapino.fi",25EUR,in stock,1608564542614_217450,,,1970-01-29T00:00+00:00/1970-01-30T23:59+00:00,25EUR,new,published,,,,,,,
1608564382410_217448,"Volvon taksiautot 75 vuotta - Volvo taksi - 75 vuotta tien päällä","Volvon taksiautot 75 vuotta - Volvo taksi - 75 vuotta tien päällä",https://res.cloudinary.com/dolyfnals/images/v1608564410/eequnab5jytsqybjzrtb_217447204ec/eequnab5jytsqybjzrtb_217447204ec.jpg,https://dev1.kirjapino.fi/product/volvon-taksiautot-75-vuotta-volvo-taksi-75-vuotta-tien-paalla/,"Tekniikka","kirjapino.fi",35EUR,in stock,1608564382410_217448,,,1970-01-29T00:00+00:00/1970-01-30T23:59+00:00,35EUR,new,published,,,,,,,
1608559926249_217444,"Näyttelijän työ (uusi suomennos)","Näyttelijän työ (uusi suomennos)",https://res.cloudinary.com/dolyfnals/images/v1608559952/zgxeiljorpbveada6o9t_21744368560/zgxeiljorpbveada6o9t_21744368560.jpg,https://dev1.kirjapino.fi/product/nayttelijan-tyo-uusi-suomennos/,"Teatteri, näytelmät","kirjapino.fi",30EUR,in stock,1608559926249_217444,,,1970-01-29T00:00+00:00/1970-01-30T23:59+00:00,30EUR,new,published,,,,,,,
1608559812914_217442,"Pyhä ruoka - Mitä oikein saa syödä?","Pyhä ruoka - Mitä oikein saa syödä?",https://res.cloudinary.com/dolyfnals/images/v1608559849/vbgw9ujynkxtw03sviuj_2174411178b/vbgw9ujynkxtw03sviuj_2174411178b.jpg,https://dev1.kirjapino.fi/product/pyha-ruoka-mita-oikein-saa-syoda/,"Ruoka ja kotitalous","kirjapino.fi",30EUR,in stock,1608559812914_217442,,,1970-01-29T00:00+00:00/1970-01-30T23:59+00:00,30EUR,new,published,,,,,,,
1608553088349_217438,"Anarkismista","Anarkismista",https://res.cloudinary.com/dolyfnals/images/v1608553106/j9momvvctwy3wb1ddyj3_21743799b28/j9momvvctwy3wb1ddyj3_21743799b28.jpg,https://dev1.kirjapino.fi/product/anarkismista-2/,"Yhteiskunta, laki, politiikka","kirjapino.fi",30EUR,in stock,1608553088349_217438,,,1970-01-29T00:00+00:00/1970-01-30T23:59+00:00,30EUR,new,published,,,,,,,
1608550616874_217436,"Wikingin suomalaiset","Nimilehdellä omiste",https://res.cloudinary.com/dolyfnals/images/v1608550642/nax0zdanlleasszop4xl_2174354f196/nax0zdanlleasszop4xl_2174354f196.jpg,https://dev1.kirjapino.fi/product/wikingin-suomalaiset-2/,"Sotahistoria","kirjapino.fi",37EUR,in stock,1608550616874_217436,,,1970-01-29T00:00+00:00/1970-01-30T23:59+00:00,37EUR,new,published,,,,,,,
1608550355200_217432,"Pantin lunastajat","Pantin lunastajat",https://res.cloudinary.com/dolyfnals/images/v1608550368/qsiftz0sr2alky2xcjxc_2174313a4d7/qsiftz0sr2alky2xcjxc_2174313a4d7.jpg,https://dev1.kirjapino.fi/product/pantin-lunastajat-3/,"Sotahistoria","kirjapino.fi",50EUR,in stock,1608550355200_217432,,,1970-01-29T00:00+00:00/1970-01-30T23:59+00:00,50EUR,new,published,,,,,,,
1608550212175_217428,"Itsenäisen Suomen sotilasarvot ja -arvomerkit","Itsenäisen Suomen sotilasarvot ja -arvomerkit",https://res.cloudinary.com/dolyfnals/images/v1608550223/vt6z7y6mgotepqobcjgp_2174271c758/vt6z7y6mgotepqobcjgp_2174271c758.jpg,https://dev1.kirjapino.fi/product/itsenaisen-suomen-sotilasarvot-ja-arvomerkit/,"Sotahistoria","kirjapino.fi",50EUR,in stock,1608550212175_217428,,,1970-01-29T00:00+00:00/1970-01-30T23:59+00:00,50EUR,new,published,,,,,,,
1608550120222_217426,"Juhlapuutarha","Juhlapuutarha",https://res.cloudinary.com/dolyfnals/images/v1608550138/zswwblujk95cohonndiz_21742544945/zswwblujk95cohonndiz_21742544945.jpg,https://dev1.kirjapino.fi/product/juhlapuutarha/,"Puutarha, huonekasvit","kirjapino.fi",20EUR,in stock,1608550120222_217426,,,1970-01-29T00:00+00:00/1970-01-30T23:59+00:00,20EUR,new,published,,,,,,,
1608550029637_217424,"Suuri toivelaulukirja - Hengellisiä lauluja","Suuri toivelaulukirja - Hengellisiä lauluja",https://res.cloudinary.com/dolyfnals/images/v1608550042/uhguvwhm8trzx10sf4za_21742351a2e/uhguvwhm8trzx10sf4za_21742351a2e.jpg,https://dev1.kirjapino.fi/product/suuri-toivelaulukirja-hengellisia-lauluja/,"Nuotit","kirjapino.fi",25EUR,in stock,1608550029637_217424,,,1970-01-29T00:00+00:00/1970-01-30T23:59+00:00,25EUR,new,published,,,,,,,
1608549002140_217420,"Uhka lännestä - Suomen meripuolustus autonomian aikana","Uhka lännestä - Suomen meripuolustus autonomian aikana",https://res.cloudinary.com/dolyfnals/images/v1608549023/w5rs40utyea6xotwsym4_217419686b4/w5rs40utyea6xotwsym4_217419686b4.jpg,https://dev1.kirjapino.fi/product/uhka-lannesta-suomen-meripuolustus-autonomian-aikana/,"Sotahistoria","kirjapino.fi",17EUR,in stock,1608549002140_217420,,,1970-01-29T00:00+00:00/1970-01-30T23:59+00:00,17EUR,new,published,,,,,,,
1608548753661_217418,"Taisteleva JR 9 - Jalkaväkirykmentti 9 1941-1944","Muutamia yijykynäalleviivauksia. Jr 9 Killan omiste everstiluutanantti Nordbergille",https://res.cloudinary.com/dolyfnals/images/v1608548764/zrdusmnwkz2aq3lptgwz_217417471be/zrdusmnwkz2aq3lptgwz_217417471be.jpg,https://dev1.kirjapino.fi/product/taisteleva-jr-9-jalkavakirykmentti-9-1941-1944-2/,"Sotahistoria","kirjapino.fi",75EUR,in stock,1608548753661_217418,,,1970-01-29T00:00+00:00/1970-01-30T23:59+00:00,75EUR,new,published,,,,,,,
1608548473283_217414,"Wigwam","Wigwam",https://res.cloudinary.com/dolyfnals/images/v1608548487/upnuhxefvejn0uf1a5rf_2174136c316/upnuhxefvejn0uf1a5rf_2174136c316.jpg,https://dev1.kirjapino.fi/product/wigwam/,"Elämäkerrat, muistelmat, henkilöhistoria","kirjapino.fi",25EUR,in stock,1608548473283_217414,,,1970-01-29T00:00+00:00/1970-01-30T23:59+00:00,25EUR,new,published,,,,,,,
1608548005945_217412,"Vain ääni jää - Runoja Iranista","Vain ääni jää - Runoja Iranista",https://res.cloudinary.com/dolyfnals/images/v1608548030/t61q7ucs7dpchqe0gbln_217411111f3/t61q7ucs7dpchqe0gbln_217411111f3.jpg,https://dev1.kirjapino.fi/product/vain-aani-jaa-runoja-iranista/,"Runot","kirjapino.fi",25EUR,in stock,1608548005945_217412,,,1970-01-29T00:00+00:00/1970-01-30T23:59+00:00,25EUR,new,published,,,,,,,
1608547803033_217410,"Jimi Hendrix","Jimi Hendrix",https://res.cloudinary.com/dolyfnals/images/v1608547823/qjiuokfmlhvc6jbzl3rh_21740939d86/qjiuokfmlhvc6jbzl3rh_21740939d86.jpg,https://dev1.kirjapino.fi/product/jimi-hendrix-2/,"Elämäkerrat, muistelmat, henkilöhistoria","kirjapino.fi",35EUR,in stock,1608547803033_217410,,,1970-01-29T00:00+00:00/1970-01-30T23:59+00:00,35EUR,new,published,,,,,,,
1608547730932_217408,"Andy McCoy - Hanoista ikuisuuteen","Kirjassa kosteusvaurioita, sisäetukannessa entisen omistajan nimi.",https://res.cloudinary.com/dolyfnals/images/v1608547744/kkrfwwq4bkj5ksjowgeq_2174075069a/kkrfwwq4bkj5ksjowgeq_2174075069a.jpg,https://dev1.kirjapino.fi/product/andy-mccoy-hanoista-ikuisuuteen-2/,"Elämäkerrat, muistelmat, henkilöhistoria","kirjapino.fi",35EUR,in stock,1608547730932_217408,,,1970-01-29T00:00+00:00/1970-01-30T23:59+00:00,35EUR,new,published,,,,,,,
1608547533332_217406,"The Beatles Complete","The Beatles Complete",https://res.cloudinary.com/dolyfnals/images/v1608547549/rr0q6wvxuns1wfpanjtb_217405d1f5b/rr0q6wvxuns1wfpanjtb_217405d1f5b.jpg,https://dev1.kirjapino.fi/product/the-beatles-complete/,"Nuotit","kirjapino.fi",20EUR,in stock,1608547533332_217406,,,1970-01-29T00:00+00:00/1970-01-30T23:59+00:00,20EUR,new,published,,,,,,,
1608547386562_217404,"Tautien kahleista vapautuminen","Tautien kahleista vapautuminen",https://res.cloudinary.com/dolyfnals/images/v1608547401/ikrf2vzbwtuuku30fofx_2174035e91b/ikrf2vzbwtuuku30fofx_2174035e91b.jpg,https://dev1.kirjapino.fi/product/tautien-kahleista-vapautuminen/,"Lääketiede, terveys ja kauneus","kirjapino.fi",13EUR,in stock,1608547386562_217404,,,1970-01-29T00:00+00:00/1970-01-30T23:59+00:00,13EUR,new,published,,,,,,,
1608547239032_217400,"Kolmetoista - Rikoskertomuksia","Entisen omistajan nimi siististi nimilehdellä",https://res.cloudinary.com/dolyfnals/images/v1608547250/i9ze2u4zun1q7ngdkq8x_217399aa133/i9ze2u4zun1q7ngdkq8x_217399aa133.jpg,https://dev1.kirjapino.fi/product/kolmetoista-rikoskertomuksia/,"Dekkarit (ulkom.)","kirjapino.fi",35EUR,in stock,1608547239032_217400,,,1970-01-29T00:00+00:00/1970-01-30T23:59+00:00,35EUR,new,published,,,,,,,
1608547162499_217398,"Taistelujen Hanko","Taistelujen Hanko",https://res.cloudinary.com/dolyfnals/images/v1608547177/oavr6dluhfn74bcrco2y_2173978281e/oavr6dluhfn74bcrco2y_2173978281e.jpg,https://dev1.kirjapino.fi/product/taistelujen-hanko/,"Sotahistoria","kirjapino.fi",45EUR,in stock,1608547162499_217398,,,1970-01-29T00:00+00:00/1970-01-30T23:59+00:00,45EUR,new,published,,,,,,,
1608547088378_217396,"Talvisodan päiväkirja - JR 11","Muutamia lyijykynäalleviivauksia",https://res.cloudinary.com/dolyfnals/images/v1608547101/andrnhu5tmbnbo6l0afr_217395ea79d/andrnhu5tmbnbo6l0afr_217395ea79d.jpg,https://dev1.kirjapino.fi/product/talvisodan-paivakirja-jr-11/,"Sotahistoria","kirjapino.fi",40EUR,in stock,1608547088378_217396,,,1970-01-29T00:00+00:00/1970-01-30T23:59+00:00,40EUR,new,published,,,,,,,
1608546861137_217394,"Francon armeijasta Kollaanjoelle","Francon armeijasta Kollaanjoelle",https://res.cloudinary.com/dolyfnals/images/v1608546876/ojbowtlmibilcvyeazb2_217393af0e4/ojbowtlmibilcvyeazb2_217393af0e4.jpg,https://dev1.kirjapino.fi/product/francon-armeijasta-kollaanjoelle-3/,"Sotahistoria","kirjapino.fi",20EUR,in stock,1608546861137_217394,,,1970-01-29T00:00+00:00/1970-01-30T23:59+00:00,20EUR,new,published,,,,,,,
1608546792722_217392,"Elintilan junailijat - Rautateitä ja hallintoa jatkosodan vuosina","Elintilan junailijat - Rautateitä ja hallintoa jatkosodan vuosina",https://res.cloudinary.com/dolyfnals/images/v1608546802/puwf42hkwbxxgndgqgm2_2173919af5b/puwf42hkwbxxgndgqgm2_2173919af5b.jpg,https://dev1.kirjapino.fi/product/elintilan-junailijiat-rautateita-ja-hallintoa-jatkosodan-vuosina/,"Sotahistoria","kirjapino.fi",40EUR,in stock,1608546792722_217392,,,1970-01-29T00:00+00:00/1970-01-30T23:59+00:00,40EUR,new,published,,,,,,,
1608546691433_217390,"Punakapinan aika Sääksmäen Metsäkansassa","Punakapinan aika Sääksmäen Metsäkansassa",https://res.cloudinary.com/dolyfnals/images/v1608546709/dvytmgmx3caefpjn1aam_21738953eeb/dvytmgmx3caefpjn1aam_21738953eeb.jpg,https://dev1.kirjapino.fi/product/punakapinan-aika-saaksmaen-metsakansassa/,"Sotahistoria","kirjapino.fi",20EUR,in stock,1608546691433_217390,,,1970-01-29T00:00+00:00/1970-01-30T23:59+00:00,20EUR,new,published,,,,,,,
1608546565500_217388,"Tunturikasvisto","Tunturikasvisto",https://res.cloudinary.com/dolyfnals/images/v1608546575/tpfa1kd25evwf9dti5ww_21738746972/tpfa1kd25evwf9dti5ww_21738746972.jpg,https://dev1.kirjapino.fi/product/tunturikasvisto/,"Luonto, lemmikit, biologia","kirjapino.fi",13EUR,in stock,1608546565500_217388,,,1970-01-29T00:00+00:00/1970-01-30T23:59+00:00,13EUR,new,published,,,,,,,
1608546406748_217386,"Kuolemaneskaaderi [ Kuoleman eskaaderi ]","Kuolemaneskaaderi [ Kuoleman eskaaderi ]",https://res.cloudinary.com/dolyfnals/images/v1608546418/jro20f7yooei9g2eryto_217385d6572/jro20f7yooei9g2eryto_217385d6572.jpg,https://dev1.kirjapino.fi/product/kuolemaneskaaderi-kuoleman-eskaaderi/,"Jännitys ja kauhu","kirjapino.fi",15EUR,in stock,1608546406748_217386,,,1970-01-29T00:00+00:00/1970-01-30T23:59+00:00,15EUR,new,published,,,,,,,
1608383331562_217353,"Aidan toiselta puolelta","Aidan toiselta puolelta",https://res.cloudinary.com/dolyfnals/images/v1608383330/veqqeopo5cjymvcp8ezd_21735203a8b/veqqeopo5cjymvcp8ezd_21735203a8b.jpg,https://dev1.kirjapino.fi/product/aidana-toiselta-puolelta/,"Elämäkerrat, muistelmat, henkilöhistoria","kirjapino.fi",13EUR,out of stock,1608383331562_217353,,,1970-01-29T00:00+00:00/1970-01-30T23:59+00:00,13EUR,new,staging,,,,,,,
1608383233706_217351,"Media television jälkeen Tutkimusmatka tarinoiden tulevaisuuteen","Media television jälkeen Tutkimusmatka tarinoiden tulevaisuuteen",https://res.cloudinary.com/dolyfnals/images/v1608383249/ebt1zxabjcaplp63n7td_217350f12e5/ebt1zxabjcaplp63n7td_217350f12e5.jpg,https://dev1.kirjapino.fi/product/media-television-jalkeen-tutkimusmatka-tarinoiden-tulevaisuuteen/,"Media ja tiedotus","kirjapino.fi",13EUR,in stock,1608383233706_217351,,,1970-01-29T00:00+00:00/1970-01-30T23:59+00:00,13EUR,new,published,,,,,,,
1608383078107_217349,"Peruskoulun unohdetut alkuunpanijat Vapaa kansalaistoiminta 1960- ja 1970-lukujen suuressa koulunuudistuksessa","Peruskoulun unohdetut alkuunpanijat Vapaa kansalaistoiminta 1960- ja 1970-lukujen suuressa koulunuudistuksessa",https://res.cloudinary.com/dolyfnals/images/v1608383077/glkhrzqwvglewvae3bup_217348cfb6c/glkhrzqwvglewvae3bup_217348cfb6c.jpg,https://dev1.kirjapino.fi/product/peruskoulun-unohdetut-alkuunpanijat-vapaa-kansalaistoiminta-1960-ja-1970-lukujen-suuressa-koulunuudistuksessa-2/,"Yhteiskunta, laki, politiikka","kirjapino.fi",13EUR,in stock,1608383078107_217349,,,1970-01-29T00:00+00:00/1970-01-30T23:59+00:00,13EUR,new,published,,,,,,,
1608382927549_217345,"Luomiskertomus Matkalla luovuuden tulevaisuuteen","Luomiskertomus Matkalla luovuuden tulevaisuuteen",https://res.cloudinary.com/dolyfnals/images/v1608382924/acqrremclgj8u4kjjsdo_21734494303/acqrremclgj8u4kjjsdo_21734494303.jpg,https://dev1.kirjapino.fi/product/luomiskertomus-matkalla-luovuuden-tulevaisuuteen-2/,"Filosofia","kirjapino.fi",20EUR,in stock,1608382927549_217345,,,1970-01-29T00:00+00:00/1970-01-30T23:59+00:00,20EUR,new,published,,,,,,,
1608382857207_217343,"Kuolleiden kirja","Kuolleiden kirja",https://res.cloudinary.com/dolyfnals/images/v1608382859/w0m7b2il3dhnqvx5y8ip_2173421f7e4/w0m7b2il3dhnqvx5y8ip_2173421f7e4.jpg,https://dev1.kirjapino.fi/product/kuolleiden-kirja/,"Filosofia","kirjapino.fi",13EUR,in stock,1608382857207_217343,,,1970-01-29T00:00+00:00/1970-01-30T23:59+00:00,13EUR,new,published,,,,,,,
1608382730134_217341,"Kaikki koodaa","Kaikki koodaa",https://res.cloudinary.com/dolyfnals/images/v1608382736/kzpfbk9ccfleuma7zi3m_2173405aba2/kzpfbk9ccfleuma7zi3m_2173405aba2.jpg,https://dev1.kirjapino.fi/product/kaikki-koodaa/,"Tekniikka","kirjapino.fi",13EUR,in stock,1608382730134_217341,,,1970-01-29T00:00+00:00/1970-01-30T23:59+00:00,13EUR,new,published,,,,,,,
1608382500132_217339,"Valheenpaljastajan käsikirja","Valheenpaljastajan käsikirja",https://res.cloudinary.com/dolyfnals/images/v1608382503/n97dvxnse2i4yfd682cu_217338fbaa7/n97dvxnse2i4yfd682cu_217338fbaa7.jpg,https://dev1.kirjapino.fi/product/valheenpaljastajan-kasikirja-2/,"Yhteiskunta, laki, politiikka","kirjapino.fi",17EUR,in stock,1608382500132_217339,,,1970-01-29T00:00+00:00/1970-01-30T23:59+00:00,17EUR,new,published,,,,,,,
1608382429869_217337,"Kollaboraatio Yhteistekijyys nykykirjallisuudessa ja taiteessa","Kollaboraatio Yhteistekijyys nykykirjallisuudessa ja taiteessa",https://res.cloudinary.com/dolyfnals/images/v1608382429/psvwcdrfneffp2jjbbip_21733691920/psvwcdrfneffp2jjbbip_21733691920.jpg,https://dev1.kirjapino.fi/product/kollaboraatio-yhteistekijyys-nykykirjallisuudessa-ja-taiteessa-2/,"Yhteiskunta, laki, politiikka","kirjapino.fi",18EUR,in stock,1608382429869_217337,,,1970-01-29T00:00+00:00/1970-01-30T23:59+00:00,18EUR,new,published,,,,,,,
1608382368878_217335,"Matkalla islamilaisessa Suomessa","Matkalla islamilaisessa Suomessa",https://res.cloudinary.com/dolyfnals/images/v1608382370/xq9nde5hhdj4yj360bvi_21733441508/xq9nde5hhdj4yj360bvi_21733441508.jpg,https://dev1.kirjapino.fi/product/matkalla-islamilaisessa-suomessa/,"Yhteiskunta, laki, politiikka","kirjapino.fi",17EUR,in stock,1608382368878_217335,,,1970-01-29T00:00+00:00/1970-01-30T23:59+00:00,17EUR,new,published,,,,,,,
1608382314811_217333,"Me ja ne Välineitä vastakkainasettelujen aikaan","Me ja ne Välineitä vastakkainasettelujen aikaan",https://res.cloudinary.com/dolyfnals/images/v1608382316/dfbzxgliwoat27aqetp5_217332ff9ee/dfbzxgliwoat27aqetp5_217332ff9ee.jpg,https://dev1.kirjapino.fi/product/me-ja-ne-valineita-vastakkainasettelujen-aikaan/,"Yhteiskunta, laki, politiikka","kirjapino.fi",15EUR,in stock,1608382314811_217333,,,1970-01-29T00:00+00:00/1970-01-30T23:59+00:00,15EUR,new,published,,,,,,,
1608381729156_217329,"Kuinka vallalle nauretaan Poliittinen satiiri suomalaisessa televisiossa","Kuinka vallalle nauretaan Poliittinen satiiri suomalaisessa televisiossa",https://res.cloudinary.com/dolyfnals/images/v1608381730/tvl2d8fzfamap0cc8ojc_217328f24b8/tvl2d8fzfamap0cc8ojc_217328f24b8.jpg,https://dev1.kirjapino.fi/product/kuinka-vallalle-nauretaan-poliittinen-satiiri-suomalaisessa-televisiossa/,"Media ja tiedotus","kirjapino.fi",15EUR,in stock,1608381729156_217329,,,1970-01-29T00:00+00:00/1970-01-30T23:59+00:00,15EUR,new,published,,,,,,,
1608381641440_217327,"Oppi toivosta","Oppi toivosta",https://res.cloudinary.com/dolyfnals/images/v1608381644/uqqj9fgof8l4e672yv3m_2173268280b/uqqj9fgof8l4e672yv3m_2173268280b.jpg,https://dev1.kirjapino.fi/product/oppi-toivosta/,"Psykologia, kasvatus, elämäntaito","kirjapino.fi",17EUR,in stock,1608381641440_217327,,,1970-01-29T00:00+00:00/1970-01-30T23:59+00:00,17EUR,new,published,,,,,,,
1608381570428_217325,"Loukussa Elämää alkoholistin läheisenä","Loukussa Elämää alkoholistin läheisenä",https://res.cloudinary.com/dolyfnals/images/v1608381569/yyc1c5eyhodjj35byqmk_217324b5ac0/yyc1c5eyhodjj35byqmk_217324b5ac0.jpg,https://dev1.kirjapino.fi/product/loukussa-elamaa-alkoholistin-laheisena-2/,"Psykologia, kasvatus, elämäntaito","kirjapino.fi",17EUR,in stock,1608381570428_217325,,,1970-01-29T00:00+00:00/1970-01-30T23:59+00:00,17EUR,new,published,,,,,,,
1608381507029_217323,"Hyvinvointia mielelläsi Arvoista suunta elämäntapamuutokseen","Hyvinvointia mielelläsi Arvoista suunta elämäntapamuutokseen",https://res.cloudinary.com/dolyfnals/images/v1608381506/za0b82oburratzxjnusy_21732222653/za0b82oburratzxjnusy_21732222653.jpg,https://dev1.kirjapino.fi/product/hyvinvointia-mielellasi-arvoista-suunta-elamantapamuutokseen/,"Psykologia, kasvatus, elämäntaito","kirjapino.fi",17EUR,in stock,1608381507029_217323,,,1970-01-29T00:00+00:00/1970-01-30T23:59+00:00,17EUR,new,published,,,,,,,
1608381432747_217321,"Moderni esoteerisuus ja okkultismi Suomessa","Moderni esoteerisuus ja okkultismi Suomessa",https://res.cloudinary.com/dolyfnals/images/v1608381444/qfwz7afch4tblr7xauzv_217320a0a08/qfwz7afch4tblr7xauzv_217320a0a08.jpg,https://dev1.kirjapino.fi/product/moderni-esoteerisuus-ja-okkultismi-suomessa/,"Rajatieto","kirjapino.fi",20EUR,out of stock,1608381432747_217321,,,1970-01-29T00:00+00:00/1970-01-30T23:59+00:00,20EUR,new,staging,,,,,,,
1608381351212_217319,"Mercedes Bentso Totuus ja tunnustus","Mercedes Bentso Totuus ja tunnustus",https://res.cloudinary.com/dolyfnals/images/v1608381351/yynprfyfv7n19lowfxg6_217318f0f69/yynprfyfv7n19lowfxg6_217318f0f69.jpg,https://dev1.kirjapino.fi/product/mercedes-bentso-totuus-ja-tunnustus-2/,"Musiikki","kirjapino.fi",15EUR,in stock,1608381351212_217319,,,1970-01-29T00:00+00:00/1970-01-30T23:59+00:00,15EUR,new,published,,,,,,,
1608381009450_217317,"Kääpiöistä kolosseihin Kummajaisten historia Suomessa","Kääpiöistä kolosseihin Kummajaisten historia Suomessa",https://res.cloudinary.com/dolyfnals/images/v1608381007/ruabbvmb3lsavnozqafi_2173168f1fe/ruabbvmb3lsavnozqafi_2173168f1fe.jpg,https://dev1.kirjapino.fi/product/kaapioista-kolosseihin-kummajaisten-historia-suomessa/,"Kulttuurihistoria ja -tutkimus","kirjapino.fi",15EUR,in stock,1608381009450_217317,,,1970-01-29T00:00+00:00/1970-01-30T23:59+00:00,15EUR,new,published,,,,,,,
1608380920991_217315,"Millenniaalit Uuden vuosituhannen tekijät","Millenniaalit Uuden vuosituhannen tekijät",https://res.cloudinary.com/dolyfnals/images/v1608380919/puvhbvlsocpdlnv4kg9e_21731498624/puvhbvlsocpdlnv4kg9e_21731498624.jpg,https://dev1.kirjapino.fi/product/millenniaalit-uuden-vuosituhannen-tekijat-2/,"Yhteiskunta, laki, politiikka","kirjapino.fi",15EUR,in stock,1608380920991_217315,,,1970-01-29T00:00+00:00/1970-01-30T23:59+00:00,15EUR,new,published,,,,,,,
1608380852747_217313,"Sukupuoleen katsomatta Kuinka kohdata moninaisuus","Sukupuoleen katsomatta Kuinka kohdata moninaisuus",https://res.cloudinary.com/dolyfnals/images/v1608380844/jwdebsmypxy3juxy33ii_21731261249/jwdebsmypxy3juxy33ii_21731261249.jpg,https://dev1.kirjapino.fi/product/sukupuoleen-katsomatta-kuinka-kohdata-moninaisuus-2/,"Yhteiskunta, laki, politiikka","kirjapino.fi",16EUR,in stock,1608380852747_217313,,,1970-01-29T00:00+00:00/1970-01-30T23:59+00:00,16EUR,new,published,,,,,,,
1608380333401_217311,"Konfliktit Talous ja politiikka","Konfliktit Talous ja politiikka",https://res.cloudinary.com/dolyfnals/images/v1608380329/ykccipqsrz0xgterk3ma_21731016a78/ykccipqsrz0xgterk3ma_21731016a78.jpg,https://dev1.kirjapino.fi/product/konfliktit-talous-ja-politiikka/,"Yhteiskunta, laki, politiikka","kirjapino.fi",15EUR,in stock,1608380333401_217311,,,1970-01-29T00:00+00:00/1970-01-30T23:59+00:00,15EUR,new,published,,,,,,,
1608379678724_217309,"Tyhjän paperin nautinto - Tie luovaan kirjoittamiseen","Tyhjän paperin nautinto - Tie luovaan kirjoittamiseen",https://res.cloudinary.com/dolyfnals/images/v1608379698/kby68whenl9qa7llrzth_217308513c7/kby68whenl9qa7llrzth_217308513c7.jpg,https://dev1.kirjapino.fi/product/tyhjan-paperin-nautinto-tie-luovaan-kirjoittamiseen/,"Psykologia, kasvatus, elämäntaito","kirjapino.fi",35EUR,out of stock,1608379678724_217309,,,1970-01-29T00:00+00:00/1970-01-30T23:59+00:00,35EUR,new,staging,,,,,,,
1608378845408_217307,"Henkisyyttä ja mielenrauhaa - Aasian uskonnollisuus länsimaissa","Henkisyyttä ja mielenrauhaa - Aasian uskonnollisuus länsimaissa",https://res.cloudinary.com/dolyfnals/images/v1608378853/k0ku4n4lsppot1xqzoxi_217306c6024/k0ku4n4lsppot1xqzoxi_217306c6024.jpg,https://dev1.kirjapino.fi/product/henkisyytta-ja-mielenrauhaa-aasian-uskonnollisuus-lansimaissa/,"Uskonto","kirjapino.fi",19EUR,in stock,1608378845408_217307,,,1970-01-29T00:00+00:00/1970-01-30T23:59+00:00,19EUR,new,published,,,,,,,
1608378692439_217305,"Klassiset poliittiset ajattelijat","Klassiset poliittiset ajattelijat",https://res.cloudinary.com/dolyfnals/images/v1608378708/ur50bv8653rmkqale847_217304a9f3a/ur50bv8653rmkqale847_217304a9f3a.jpg,https://dev1.kirjapino.fi/product/klassiset-poliittiset-ajattelijat/,"Yhteiskunta, laki, politiikka","kirjapino.fi",25EUR,in stock,1608378692439_217305,,,1970-01-29T00:00+00:00/1970-01-30T23:59+00:00,25EUR,new,published,,,,,,,
1608377547192_217303,"Kuba 2020","Kuba 2020",https://res.cloudinary.com/dolyfnals/images/v1608377543/aobukezwkwmuuuqmpxqu_21730262acb/aobukezwkwmuuuqmpxqu_21730262acb.jpg,https://dev1.kirjapino.fi/product/kuba-2020/,"Yhteiskunta, laki, politiikka","kirjapino.fi",16EUR,in stock,1608377547192_217303,,,1970-01-29T00:00+00:00/1970-01-30T23:59+00:00,16EUR,new,published,,,,,,,
1608377321288_217301,"Lasten ja eläinten suhteet Monilajista yhteiseloa","Lasten ja eläinten suhteet Monilajista yhteiseloa",https://res.cloudinary.com/dolyfnals/images/v1608377328/wigy0egcqg5miinhe08q_2173004d9b0/wigy0egcqg5miinhe08q_2173004d9b0.jpg,https://dev1.kirjapino.fi/product/lasten-ja-elainten-suhteet-monilajista-yhteiseloa/,"Psykologia, kasvatus, elämäntaito","kirjapino.fi",13EUR,in stock,1608377321288_217301,,,1970-01-29T00:00+00:00/1970-01-30T23:59+00:00,13EUR,new,published,,,,,,,
1608374445676_217299,"Luiden tie Gulagin jäljillä","Luiden tie Gulagin jäljillä",https://res.cloudinary.com/dolyfnals/images/v1608374448/lcjibaneyhxdnltf08sx_217298ef9ea/lcjibaneyhxdnltf08sx_217298ef9ea.jpg,https://dev1.kirjapino.fi/product/luiden-tie-gulagin-jaljilla/,"Historia","kirjapino.fi",20EUR,in stock,1608374445676_217299,,,1970-01-29T00:00+00:00/1970-01-30T23:59+00:00,20EUR,new,published,,,,,,,
1608374287415_217297,"Det nedtystade kriget När sovjetiska partisaner anföll finska gränsbyar","Det nedtystade kriget När sovjetiska partisaner anföll finska gränsbyar",https://res.cloudinary.com/dolyfnals/images/v1608374279/hjw2ipw8aoks5qglyv6b_21729696517/hjw2ipw8aoks5qglyv6b_21729696517.jpg,https://dev1.kirjapino.fi/product/det-nedtystade-kriget-nar-sovjetiska-partisaner-anfoll-finska-gransbyar/,"Sotahistoria","kirjapino.fi",17EUR,in stock,1608374287415_217297,,,1970-01-29T00:00+00:00/1970-01-30T23:59+00:00,17EUR,new,published,,,,,,,
1608374104091_217295,"Toivoa ja tukea itsemurhakriisissä Käytännöllisen teologian laitoksen vuosikirja 2008","Toivoa ja tukea itsemurhakriisissä Käytännöllisen teologian laitoksen vuosikirja 2008",https://res.cloudinary.com/dolyfnals/images/v1608374098/nsyrql9pi9ayp2e342ts_217294987fe/nsyrql9pi9ayp2e342ts_217294987fe.jpg,https://dev1.kirjapino.fi/product/toivoa-ja-tukea-itsemurhakriisissa-kaytannollisen-teologian-laitoksen-vuosikirja-2008/,"Psykologia, kasvatus, elämäntaito","kirjapino.fi",18EUR,in stock,1608374104091_217295,,,1970-01-29T00:00+00:00/1970-01-30T23:59+00:00,18EUR,new,published,,,,,,,
1608374006645_217293,"Kahden virran maa Sivilisaation ja kristinuskon irakilainen tarina","Kahden virran maa Sivilisaation ja kristinuskon irakilainen tarina",https://res.cloudinary.com/dolyfnals/images/v1608374005/hyf9ytbq7lbcsr0itnke_21729233665/hyf9ytbq7lbcsr0itnke_21729233665.jpg,https://dev1.kirjapino.fi/product/kahden-virran-maa-sivilisaation-ja-kristinuskon-irakilainen-tarina/,"Historia","kirjapino.fi",15EUR,out of stock,1608374006645_217293,,,1970-01-29T00:00+00:00/1970-01-30T23:59+00:00,15EUR,new,staging,,,,,,,
1608373902333_217291,"Hylkäämisen päivät","Hylkäämisen päivät",https://res.cloudinary.com/dolyfnals/images/v1608373914/zetnlytudipmmrhq00rj_21729004778/zetnlytudipmmrhq00rj_21729004778.jpg,https://dev1.kirjapino.fi/product/hylkaamisen-paivat/,"Kaunokirjallisuus (ulkom.)","kirjapino.fi",18EUR,in stock,1608373902333_217291,,,1970-01-29T00:00+00:00/1970-01-30T23:59+00:00,18EUR,new,published,,,,,,,
1608373832388_217289,"Tanssi tanssi tanssi","Tanssi tanssi tanssi",https://res.cloudinary.com/dolyfnals/images/v1608373850/vzwhnep5fn0pm0fjgup5_217288342c5/vzwhnep5fn0pm0fjgup5_217288342c5.jpg,https://dev1.kirjapino.fi/product/tanssi-tanssi-tanssi-2/,"Kaunokirjallisuus (ulkom.)","kirjapino.fi",25EUR,in stock,1608373832388_217289,,,1970-01-29T00:00+00:00/1970-01-30T23:59+00:00,25EUR,new,published,,,,,,,
1608373026766_217285,"Sielunhoidon käsikirja","Sielunhoidon käsikirja",https://res.cloudinary.com/dolyfnals/images/v1608373026/gckjerhntiw8ce9tazmj_2172847d6bd/gckjerhntiw8ce9tazmj_2172847d6bd.jpg,https://dev1.kirjapino.fi/product/sielunhoidon-kasikirja-2/,"Psykologia, kasvatus, elämäntaito","kirjapino.fi",17EUR,in stock,1608373026766_217285,,,1970-01-29T00:00+00:00/1970-01-30T23:59+00:00,17EUR,new,published,,,,,,,
1608372937127_217283,"Testamentit","Testamentit",https://res.cloudinary.com/dolyfnals/images/v1608372949/tp7xwkioe4aqduynicze_21728286383/tp7xwkioe4aqduynicze_21728286383.jpg,https://dev1.kirjapino.fi/product/testamentit/,"Kaunokirjallisuus (ulkom.)","kirjapino.fi",20EUR,in stock,1608372937127_217283,,,1970-01-29T00:00+00:00/1970-01-30T23:59+00:00,20EUR,new,published,,,,,,,
1608372525790_217281,"Rahvaan rakkaus Suomalaisen intohimon historia","Rahvaan rakkaus Suomalaisen intohimon historia",https://res.cloudinary.com/dolyfnals/images/v1608372534/ylrbtyvmpnkso2bssl1u_217280eff5e/ylrbtyvmpnkso2bssl1u_217280eff5e.jpg,https://dev1.kirjapino.fi/product/rahvaan-rakkaus-suomalaisen-intohimon-historia/,"Kulttuurihistoria ja -tutkimus","kirjapino.fi",17EUR,in stock,1608372525790_217281,,,1970-01-29T00:00+00:00/1970-01-30T23:59+00:00,17EUR,new,published,,,,,,,
1608372210977_217279,"Missä Laura, siellä ongelma","Missä Laura, siellä ongelma",https://res.cloudinary.com/dolyfnals/images/v1608372212/yod0gq8x0ylkkyogpygu_21727828fe5/yod0gq8x0ylkkyogpygu_21727828fe5.jpg,https://dev1.kirjapino.fi/product/missa-laura-siella-ongelma-2/,"Elämäkerrat, muistelmat, henkilöhistoria","kirjapino.fi",13EUR,in stock,1608372210977_217279,,,1970-01-29T00:00+00:00/1970-01-30T23:59+00:00,13EUR,new,published,,,,,,,
1608290998583_217258,"Pahan palkka","Pahan palkka",https://res.cloudinary.com/dolyfnals/images/v1608290998/alul4ld3qajwemi1dwa1_21725721fb7/alul4ld3qajwemi1dwa1_21725721fb7.jpg,https://dev1.kirjapino.fi/product/pahan-palkka/,"Dekkarit (kotim.)","kirjapino.fi",27EUR,in stock,1608290998583_217258,,,1970-01-29T00:00+00:00/1970-01-30T23:59+00:00,27EUR,new,published,,,,,,,
1608290091202_217256,"Farkkujen uusi elämä - 50 innostavaa ideaa","Farkkujen uusi elämä - 50 innostavaa ideaa",https://res.cloudinary.com/dolyfnals/images/v1608290129/m2uxwn1axjwgzsz9zsz8_2172557d021/m2uxwn1axjwgzsz9zsz8_2172557d021.jpg,https://dev1.kirjapino.fi/product/farkkujen-uusi-elama-50-innostavaa-ideaa/,"Käsityöt","kirjapino.fi",18EUR,in stock,1608290091202_217256,,,1970-01-29T00:00+00:00/1970-01-30T23:59+00:00,18EUR,new,published,,,,,,,
1608197699670_217225,"Suomen kivet - Koru- jalo- ja rakennuskivet harrastuksena, kivet arkeen ja juhlaan","Suomen kivet - Koru- jalo- ja rakennuskivet harrastuksena, kivet arkeen ja juhlaan",https://res.cloudinary.com/dolyfnals/images/v1608197721/crrmcsrrjvquhynkter6_217224fcd29/crrmcsrrjvquhynkter6_217224fcd29.jpg,https://dev1.kirjapino.fi/product/suomen-kivet-koru-jolo-ja-rakennuskivet-harrastuksena-kivet-arkeen-ja-juhlaan/,"Maantiede, geologia, paleontologia","kirjapino.fi",25EUR,in stock,1608197699670_217225,,,1970-01-29T00:00+00:00/1970-01-30T23:59+00:00,25EUR,new,published,,,,,,,
1608197420613_217221,"Helsingin Vuosaari","Helsingin Vuosaari",https://res.cloudinary.com/dolyfnals/images/v1608197439/qklpzx7gkewudxyeeynp_2172203ab10/qklpzx7gkewudxyeeynp_2172203ab10.jpg,https://dev1.kirjapino.fi/product/helsingin-vuosaari/,"Paikallishistoria","kirjapino.fi",17EUR,in stock,1608197420613_217221,,,1970-01-29T00:00+00:00/1970-01-30T23:59+00:00,17EUR,new,published,,,,,,,
1608197336469_217219,"Muistoja pimeästä","Muistoja pimeästä",https://res.cloudinary.com/dolyfnals/images/v1608197663/whfycuifsxneozcsoi3k_2172184cb90/whfycuifsxneozcsoi3k_2172184cb90.jpg,https://dev1.kirjapino.fi/product/muistoja-pimeasta/,"Elämäkerrat, muistelmat, henkilöhistoria","kirjapino.fi",15EUR,in stock,1608197336469_217219,,,1970-01-29T00:00+00:00/1970-01-30T23:59+00:00,15EUR,new,published,,,,,,,
1608197248579_217215,"Huckleberry Finnin seikkailut (Uusi Juhani Lindholmin käännös)","Huckleberry Finnin seikkailut (Uusi Juhani Lindholmin käännös)",https://res.cloudinary.com/dolyfnals/images/v1608197268/haagws4hmkvkpmrrlsiy_2172141f3a7/haagws4hmkvkpmrrlsiy_2172141f3a7.jpg,https://dev1.kirjapino.fi/product/huckleberry-finnin-seikkailut-uusi-juhani-lindholmin-kaannos/,"Nuortenkirjat","kirjapino.fi",30EUR,in stock,1608197248579_217215,,,1970-01-29T00:00+00:00/1970-01-30T23:59+00:00,30EUR,new,published,,,,,,,
1608197135769_217213,"Suomalaisten juuret","Suomalaisten juuret",https://res.cloudinary.com/dolyfnals/images/v1608197151/ayqnizzcunuh6dx3xev2_21721268e0d/ayqnizzcunuh6dx3xev2_21721268e0d.jpg,https://dev1.kirjapino.fi/product/suomalaisten-juuret-2/,"Historia","kirjapino.fi",23EUR,in stock,1608197135769_217213,,,1970-01-29T00:00+00:00/1970-01-30T23:59+00:00,23EUR,new,published,,,,,,,
1608197064674_217211,"Riimujen kirja - Opaskirja viikinkiriimujen käyttämiseen henkilökohtaisena oraakkelina","Riimujen kirja - Opaskirja viikinkiriimujen käyttämiseen henkilökohtaisena oraakkelina",https://res.cloudinary.com/dolyfnals/images/v1608197075/cdokcu9kscuon9kry5xf_21721084cf5/cdokcu9kscuon9kry5xf_21721084cf5.jpg,https://dev1.kirjapino.fi/product/riimujen-kirja-opaskirja-viikinkiriimujen-kayttamiseen-henkilokohtaisena-oraakkelina/,"Rajatieto","kirjapino.fi",30EUR,in stock,1608197064674_217211,,,1970-01-29T00:00+00:00/1970-01-30T23:59+00:00,30EUR,new,published,,,,,,,
1608196449662_217207,"Pieni kirja Juhani Leskisestä","Pieni kirja Juhani Leskisestä",https://res.cloudinary.com/dolyfnals/images/v1608196468/lnte6j1ngvuhgzachhbw_2172067a55b/lnte6j1ngvuhgzachhbw_2172067a55b.jpg,https://dev1.kirjapino.fi/product/pieni-kirja-juhani-leskisesta/,"Elämäkerrat, muistelmat, henkilöhistoria","kirjapino.fi",30EUR,in stock,1608196449662_217207,,,1970-01-29T00:00+00:00/1970-01-30T23:59+00:00,30EUR,new,published,,,,,,,
1608196130768_217205,"Uskon mysteeri - Johdatus ortodoksiseen dogmaattiseen teologiaan","Entisen omistajan nimi nimilehdellä.",https://res.cloudinary.com/dolyfnals/images/v1608196145/j6vixyt91fi3ckixaecy_2172046b5fb/j6vixyt91fi3ckixaecy_2172046b5fb.jpg,https://dev1.kirjapino.fi/product/uskon-mysteeri-johdatus-ortodoksiseen-dogmaattiseen-teologiaan/,"Uskonto","kirjapino.fi",35EUR,in stock,1608196130768_217205,,,1970-01-29T00:00+00:00/1970-01-30T23:59+00:00,35EUR,new,published,,,,,,,
1608195998318_217203,"Karl Dönitz ja Kolmannen valtakunnan viimeiset päivät","Karl Dönitz ja Kolmannen valtakunnan viimeiset päivät",https://res.cloudinary.com/dolyfnals/images/v1608196012/jgmyuqrsnpfsfimnqixb_21720276a83/jgmyuqrsnpfsfimnqixb_21720276a83.jpg,https://dev1.kirjapino.fi/product/karl-donitz-ja-kolmannen-valtakunnan-viimeiset-paivat-2/,"Sotahistoria","kirjapino.fi",20EUR,in stock,1608195998318_217203,,,1970-01-29T00:00+00:00/1970-01-30T23:59+00:00,20EUR,new,published,,,,,,,
1608195926536_217201,"Katujen kaunottaret - Kuubalaista aikarautaa","Katujen kaunottaret - Kuubalaista aikarautaa",https://res.cloudinary.com/dolyfnals/images/v1608195951/b9labykdkrqmprkhfic2_217200195f7/b9labykdkrqmprkhfic2_217200195f7.jpg,https://dev1.kirjapino.fi/product/katujen-kaunottaret-kuubalaista-aikarautaa/,"Tekniikka","kirjapino.fi",35EUR,in stock,1608195926536_217201,,,1970-01-29T00:00+00:00/1970-01-30T23:59+00:00,35EUR,new,published,,,,,,,
1608195825707_217197,"Postikortteja Helsingistä - Pääkaupungin kuvia John Roiton korttikokoelmista","Postikortteja Helsingistä - Pääkaupungin kuvia John Roiton korttikokoelmista",https://res.cloudinary.com/dolyfnals/images/v1608195851/ofuncpyi7ouwdpr71p2n_217196807f4/ofuncpyi7ouwdpr71p2n_217196807f4.jpg,https://dev1.kirjapino.fi/product/postikortteja-helsingista-paakaupungin-kuvia-john-roiton-korttikokoelmista/,"Paikallishistoria","kirjapino.fi",25EUR,in stock,1608195825707_217197,,,1970-01-29T00:00+00:00/1970-01-30T23:59+00:00,25EUR,new,published,,,,,,,
1608127608606_217171,"Arabiaa vasta-alkajille - Seesam aukene!","Arabiaa vasta-alkajille - Seesam aukene!",https://res.cloudinary.com/dolyfnals/images/v1608127626/cehspl0rvcjy4vjxo406_21717078671/cehspl0rvcjy4vjxo406_21717078671.jpg,https://dev1.kirjapino.fi/product/arabiaa-vasta-alkajille-seesam-aukene/,"Kielet, kielitiede","kirjapino.fi",20EUR,in stock,1608127608606_217171,,,1970-01-29T00:00+00:00/1970-01-30T23:59+00:00,20EUR,new,published,,,,,,,
1608127510190_217169,"Filosofian houkutukset","Filosofian houkutukset",https://res.cloudinary.com/dolyfnals/images/v1608127524/lytyvintalbhxgkqsr6g_217168d315e/lytyvintalbhxgkqsr6g_217168d315e.jpg,https://dev1.kirjapino.fi/product/filosofian-houkutukset/,"Filosofia","kirjapino.fi",20EUR,in stock,1608127510190_217169,,,1970-01-29T00:00+00:00/1970-01-30T23:59+00:00,20EUR,new,published,,,,,,,
1608127448769_217167,"Kävelyn filosofiaa","Kävelyn filosofiaa",https://res.cloudinary.com/dolyfnals/images/v1608127468/at2i0qfojumbs1tkj6fb_217166a7f64/at2i0qfojumbs1tkj6fb_217166a7f64.jpg,https://dev1.kirjapino.fi/product/kavelyn-filosofiaa/,"Filosofia","kirjapino.fi",20EUR,in stock,1608127448769_217167,,,1970-01-29T00:00+00:00/1970-01-30T23:59+00:00,20EUR,new,published,,,,,,,
1608127377338_217165,"LeR 5 - Suomen ilmavoimien historia 24","LeR 5 - Suomen ilmavoimien historia 24",https://res.cloudinary.com/dolyfnals/images/v1608127401/zyp8shghzqyrlwrjsv82_2171644b4f9/zyp8shghzqyrlwrjsv82_2171644b4f9.jpg,https://dev1.kirjapino.fi/product/ler-5-suomen-ilmavoimien-historia-24-2/,"Sotahistoria","kirjapino.fi",25EUR,in stock,1608127377338_217165,,,1970-01-29T00:00+00:00/1970-01-30T23:59+00:00,25EUR,new,published,,,,,,,
1608127336590_217163,"LeR 4 - Suomen ilmavoimien historia 19","LeR 4 - Suomen ilmavoimien historia 19",https://res.cloudinary.com/dolyfnals/images/v1608127368/rhv1o4xwf43t9mwnxc5t_217162c1c6b/rhv1o4xwf43t9mwnxc5t_217162c1c6b.jpg,https://dev1.kirjapino.fi/product/ler-4-suomen-ilmavoimien-historia-19-2/,"Sotahistoria","kirjapino.fi",25EUR,in stock,1608127336590_217163,,,1970-01-29T00:00+00:00/1970-01-30T23:59+00:00,25EUR,new,published,,,,,,,
1608125944437_217161,"Kadonneet illuusiot","Kadonneet illuusiot",https://res.cloudinary.com/dolyfnals/images/v1608125964/mpfp6iftcjbp0tbrkexz_2171602b5aa/mpfp6iftcjbp0tbrkexz_2171602b5aa.jpg,https://dev1.kirjapino.fi/product/kadonneet-illuusiot/,"Kaunokirjallisuus (ulkom.)","kirjapino.fi",35EUR,in stock,1608125944437_217161,,,1970-01-29T00:00+00:00/1970-01-30T23:59+00:00,35EUR,new,published,,,,,,,
1608125880458_217159,"Siddhartha","Kansipaperissa muutamia repeämiä",https://res.cloudinary.com/dolyfnals/images/v1608125902/cvflns3eifu0qqenhdpy_217158eab64/cvflns3eifu0qqenhdpy_217158eab64.jpg,https://dev1.kirjapino.fi/product/siddhartha-3/,"Kaunokirjallisuus (ulkom.)","kirjapino.fi",35EUR,in stock,1608125880458_217159,,,1970-01-29T00:00+00:00/1970-01-30T23:59+00:00,35EUR,new,published,,,,,,,
1608125800953_217157,"Kultapoika, smaragdityttö","Kultapoika, smaragdityttö",https://res.cloudinary.com/dolyfnals/images/v1608125811/agn7sn7qyzwl5iiyy4yh_217156cb209/agn7sn7qyzwl5iiyy4yh_217156cb209.jpg,https://dev1.kirjapino.fi/product/kultapoika-smaragditytto/,"Kaunokirjallisuus (ulkom.)","kirjapino.fi",35EUR,in stock,1608125800953_217157,,,1970-01-29T00:00+00:00/1970-01-30T23:59+00:00,35EUR,new,published,,,,,,,
1608125689771_217155,"Fermat´n viimeinen teoreema","Kansipapereissa muutamia repeämiä",https://res.cloudinary.com/dolyfnals/images/v1608125704/vr0xitymoumvisoej2fo_2171544d928/vr0xitymoumvisoej2fo_2171544d928.jpg,https://dev1.kirjapino.fi/product/fermatn-viimeinen-teoreema/,"Matematiikka, fysiikka, kemia","kirjapino.fi",35EUR,in stock,1608125689771_217155,,,1970-01-29T00:00+00:00/1970-01-30T23:59+00:00,35EUR,new,published,,,,,,,
1608125577929_217153,"Jaakkiman pitäjän historia I","Jaakkiman pitäjän historia I",https://res.cloudinary.com/dolyfnals/images/v1608125601/tzcd4eq0cbs3z2iv6rff_217152f460f/tzcd4eq0cbs3z2iv6rff_217152f460f.jpg,https://dev1.kirjapino.fi/product/jaakkiman-pitajan-historia-i/,"Paikallishistoria","kirjapino.fi",35EUR,in stock,1608125577929_217153,,,1970-01-29T00:00+00:00/1970-01-30T23:59+00:00,35EUR,new,published,,,,,,,
1608125481043_217151,"Susipari - Näytelmä","Kansipaperissa muutamia repeämiä, muuten ok.",https://res.cloudinary.com/dolyfnals/images/v1608125508/qybfev05inrcn8tyxrqy_217150ee728/qybfev05inrcn8tyxrqy_217150ee728.jpg,https://dev1.kirjapino.fi/product/susipari-naytelma/,"Teatteri, näytelmät","kirjapino.fi",20EUR,in stock,1608125481043_217151,,,1970-01-29T00:00+00:00/1970-01-30T23:59+00:00,20EUR,new,published,,,,,,,
1608123841084_217149,"John Lennon - New Yorkin vuodet","John Lennon - New Yorkin vuodet",https://res.cloudinary.com/dolyfnals/images/v1608123863/mzf2zrrmoxenzfkdajhe_217148ce1b1/mzf2zrrmoxenzfkdajhe_217148ce1b1.jpg,https://dev1.kirjapino.fi/product/john-lennon-new-yorkin-vuodet/,"Elämäkerrat, muistelmat, henkilöhistoria","kirjapino.fi",19EUR,in stock,1608123841084_217149,,,1970-01-29T00:00+00:00/1970-01-30T23:59+00:00,19EUR,new,published,,,,,,,
1608123749804_217147,"Suomi - Kuvia Suomen maasta ja kansasta","Suomi - Kuvia Suomen maasta ja kansasta",https://res.cloudinary.com/dolyfnals/images/v1608123769/wmk8ifcb6gtanmqbhetm_2171469898e/wmk8ifcb6gtanmqbhetm_2171469898e.jpg,https://dev1.kirjapino.fi/product/suomi-kuvia-suomen-maasta-ja-kansasta/,"Suomen historia","kirjapino.fi",20EUR,in stock,1608123749804_217147,,,1970-01-29T00:00+00:00/1970-01-30T23:59+00:00,20EUR,new,published,,,,,,,
1608123626252_217145,"Noidan käsikirja","Noidan käsikirja",https://res.cloudinary.com/dolyfnals/images/v1608123638/kv1kosrlinn5jbumsc1f_217144aaec5/kv1kosrlinn5jbumsc1f_217144aaec5.jpg,https://dev1.kirjapino.fi/product/noidan-kasikirja-2/,"Jännitys ja kauhu","kirjapino.fi",20EUR,in stock,1608123626252_217145,,,1970-01-29T00:00+00:00/1970-01-30T23:59+00:00,20EUR,new,published,,,,,,,
1608123546234_217143,"Elokuvateatterit - Korttelikinojen aikaan","Elokuvateatterit - Korttelikinojen aikaan",https://res.cloudinary.com/dolyfnals/images/v1608123562/mtsugvtna31wdanbekhj_217142e8504/mtsugvtna31wdanbekhj_217142e8504.jpg,https://dev1.kirjapino.fi/product/elokuvateatterit-korttelikinojen-aikaan/,"Paikallishistoria","kirjapino.fi",35EUR,in stock,1608123546234_217143,,,1970-01-29T00:00+00:00/1970-01-30T23:59+00:00,35EUR,new,published,,,,,,,
1608123441270_217141,"Psykopolitiikka - Paljastava psykologia suomalaisen yhteiskunnallisen keskustelun perinteenä","Psykopolitiikka - Paljastava psykologia suomalaisen yhteiskunnallisen keskustelun perinteenä",https://res.cloudinary.com/dolyfnals/images/v1608123468/llfuggugfqsd66opn7hg_217140e0297/llfuggugfqsd66opn7hg_217140e0297.jpg,https://dev1.kirjapino.fi/product/psykopolitiikka-paljastava-psykologia-suomalaisen-yhteiskunnallisen-keskustelun-perinteena/,"Psykologia, kasvatus, elämäntaito","kirjapino.fi",15EUR,in stock,1608123441270_217141,,,1970-01-29T00:00+00:00/1970-01-30T23:59+00:00,15EUR,new,published,,,,,,,
1608123363206_217139,"Suuri toivelaulukirja 9","Suuri toivelaulukirja 9",https://res.cloudinary.com/dolyfnals/images/v1608123384/hgr2uuos3jqsajelwbf6_2171385d3c5/hgr2uuos3jqsajelwbf6_2171385d3c5.jpg,https://dev1.kirjapino.fi/product/suuri-toivelaulukirja-9-2/,"Nuotit","kirjapino.fi",20EUR,out of stock,1608123363206_217139,,,1970-01-29T00:00+00:00/1970-01-30T23:59+00:00,20EUR,new,staging,,,,,,,
1608123275780_217135,"Vanha rouva Dakota ja muita ilmailutarinoita","Vanha rouva Dakota ja muita ilmailutarinoita",https://res.cloudinary.com/dolyfnals/images/v1608123289/tpvqphu8rq37xittv3yi_21713400989/tpvqphu8rq37xittv3yi_21713400989.jpg,https://dev1.kirjapino.fi/product/vanha-rouva-dakota-ja-muita-ilmailutarinoita/,"Ilmailu","kirjapino.fi",15EUR,in stock,1608123275780_217135,,,1970-01-29T00:00+00:00/1970-01-30T23:59+00:00,15EUR,new,published,,,,,,,
1608123189282_217133,"Tunnustus","Tunnustus",https://res.cloudinary.com/dolyfnals/images/v1608123201/zm2iskkdl7keok3uyxnh_217132aa97b/zm2iskkdl7keok3uyxnh_217132aa97b.jpg,https://dev1.kirjapino.fi/product/tunnustus-4/,"Kaunokirjallisuus (ulkom.)","kirjapino.fi",20EUR,in stock,1608123189282_217133,,,1970-01-29T00:00+00:00/1970-01-30T23:59+00:00,20EUR,new,published,,,,,,,
1608123104473_217131,"Lapin lentokoneenhylyt - Yli 20 vuotta pohjoista lentokonearkelogiaa","Lapin lentokoneenhylyt - Yli 20 vuotta pohjoista lentokonearkelogiaa",https://res.cloudinary.com/dolyfnals/images/v1608123118/zmhqu8br9nqsrenhuarl_21713009c75/zmhqu8br9nqsrenhuarl_21713009c75.jpg,https://dev1.kirjapino.fi/product/lapin-lentokoneenhylyt-yli-20-vuotta-pohjoista-lentokonearkelogiaa/,"Sotahistoria","kirjapino.fi",40EUR,out of stock,1608123104473_217131,,,1970-01-29T00:00+00:00/1970-01-30T23:59+00:00,40EUR,new,staging,,,,,,,
1608122965037_217129,"Hartaita toivelauluja","Hartaita toivelauluja",https://res.cloudinary.com/dolyfnals/images/v1608122976/v8m8ybknmymnpts8wjtz_217128de136/v8m8ybknmymnpts8wjtz_217128de136.jpg,https://dev1.kirjapino.fi/product/hartaita-toivelauluja/,"Nuotit","kirjapino.fi",23EUR,in stock,1608122965037_217129,,,1970-01-29T00:00+00:00/1970-01-30T23:59+00:00,23EUR,new,published,,,,,,,
1608122684309_217125,"Tapaa minut tammen alla","Tapaa minut tammen alla",https://res.cloudinary.com/dolyfnals/images/v1608122696/o3vagcciw0esckxgkjbo_217124c2f28/o3vagcciw0esckxgkjbo_217124c2f28.jpg,https://dev1.kirjapino.fi/product/tapaa-minut-tammen-alla/,"Kaunokirjallisuus (ulkom.)","kirjapino.fi",15EUR,in stock,1608122684309_217125,,,1970-01-29T00:00+00:00/1970-01-30T23:59+00:00,15EUR,new,published,,,,,,,
1608122607822_217123,"Itämeri Suomen luonnossa","Itämeri Suomen luonnossa",https://res.cloudinary.com/dolyfnals/images/v1608122629/ph2uypq4vqjgu9yavdw6_217122e07cd/ph2uypq4vqjgu9yavdw6_217122e07cd.jpg,https://dev1.kirjapino.fi/product/itameri-suomen-luonnossa/,"Luonto, lemmikit, biologia","kirjapino.fi",15EUR,in stock,1608122607822_217123,,,1970-01-29T00:00+00:00/1970-01-30T23:59+00:00,15EUR,new,published,,,,,,,
1608121616786_217119,"Beatrice","Beatrice",https://res.cloudinary.com/dolyfnals/images/v1608121641/fsaxzrn4vzs7ljhebld1_2171189644a/fsaxzrn4vzs7ljhebld1_2171189644a.jpg,https://dev1.kirjapino.fi/product/beatrice/,"Dekkarit (ulkom.)","kirjapino.fi",18EUR,in stock,1608121616786_217119,,,1970-01-29T00:00+00:00/1970-01-30T23:59+00:00,18EUR,new,published,,,,,,,
1608121483174_217117,"Kymmenen vaatimusta vapaalle ihmiselle","Kymmenen vaatimusta vapaalle ihmiselle",https://res.cloudinary.com/dolyfnals/images/v1608121497/x9zj1vitaevg0nro6ocz_217116e5639/x9zj1vitaevg0nro6ocz_217116e5639.jpg,https://dev1.kirjapino.fi/product/kymmenen-vaatimusta-vapaalle-ihmiselle/,"Filosofia","kirjapino.fi",17EUR,in stock,1608121483174_217117,,,1970-01-29T00:00+00:00/1970-01-30T23:59+00:00,17EUR,new,published,,,,,,,
1608121416623_217115,"Snobit","Snobit",https://res.cloudinary.com/dolyfnals/images/v1608121429/vidsdqh6xpiuvhx5m0jd_217114c9b64/vidsdqh6xpiuvhx5m0jd_217114c9b64.jpg,https://dev1.kirjapino.fi/product/snobit-2/,"Kaunokirjallisuus (ulkom.)","kirjapino.fi",18EUR,in stock,1608121416623_217115,,,1970-01-29T00:00+00:00/1970-01-30T23:59+00:00,18EUR,new,published,,,,,,,
1608120888120_217113,"Rakastettu on nimeso","Rakastettu on nimeso",https://res.cloudinary.com/dolyfnals/images/v1608120899/y6jj7r5otk0l3lwfbfrc_2171127b3e6/y6jj7r5otk0l3lwfbfrc_2171127b3e6.jpg,https://dev1.kirjapino.fi/product/rakastettu-on-nimeso/,"Psykologia, kasvatus, elämäntaito","kirjapino.fi",18EUR,in stock,1608120888120_217113,,,1970-01-29T00:00+00:00/1970-01-30T23:59+00:00,18EUR,new,published,,,,,,,
1608120748667_217111,"Sisu Suomen ja maailman maanteillä","Sisu Suomen ja maailman maanteillä",https://res.cloudinary.com/dolyfnals/images/v1608120769/xe4uo8ha16jxisy4ntn4_217110f4728/xe4uo8ha16jxisy4ntn4_217110f4728.jpg,https://dev1.kirjapino.fi/product/sisu-suomen-ja-maailman-maantteilla/,"Yritys- ja järjestöhistoriikit","kirjapino.fi",25EUR,in stock,1608120748667_217111,,,1970-01-29T00:00+00:00/1970-01-30T23:59+00:00,25EUR,new,published,,,,,,,
1608120651544_217109,"Symbolit - Piilotajunnan kieli","Symbolit - Piilotajunnan kieli",https://res.cloudinary.com/dolyfnals/images/v1608120664/z1zcxoohloyhqpeigsk1_2171088a903/z1zcxoohloyhqpeigsk1_2171088a903.jpg,https://dev1.kirjapino.fi/product/symbolit-piilotajunnan-kieli/,"Psykologia, kasvatus, elämäntaito","kirjapino.fi",35EUR,out of stock,1608120651544_217109,,,1970-01-29T00:00+00:00/1970-01-30T23:59+00:00,35EUR,new,staging,,,,,,,
1608120551978_217107,"Ruma sota - Talvi- ja jatkosodan vaiettu historia","Ruma sota - Talvi- ja jatkosodan vaiettu historia",https://res.cloudinary.com/dolyfnals/images/v1608120564/d1j5cvldallnopxzjp7e_217106cce02/d1j5cvldallnopxzjp7e_217106cce02.jpg,https://dev1.kirjapino.fi/product/ruma-sota-talvi-ja-jatkosodan-vaiettu-historia/,"Sotahistoria","kirjapino.fi",20EUR,in stock,1608120551978_217107,,,1970-01-29T00:00+00:00/1970-01-30T23:59+00:00,20EUR,new,published,,,,,,,
1608120494886_217105,"Päättäjäisilta","Päättäjäisilta",https://res.cloudinary.com/dolyfnals/images/v1608120511/s9ufloxfdqv0wz2vnabk_21710425695/s9ufloxfdqv0wz2vnabk_21710425695.jpg,https://dev1.kirjapino.fi/product/paattajaisilta/,"Dekkarit (ulkom.)","kirjapino.fi",15EUR,in stock,1608120494886_217105,,,1970-01-29T00:00+00:00/1970-01-30T23:59+00:00,15EUR,new,published,,,,,,,
1608120472458_217103,"Suomen Joutsen kauppalaivastomme merimiesten kouluna","Suomen Joutsen kauppalaivastomme merimiesten kouluna",https://res.cloudinary.com/dolyfnals/images/v1608120483/tdfzzanrvfdut2wtwqtx_217102f9988/tdfzzanrvfdut2wtwqtx_217102f9988.jpg,https://dev1.kirjapino.fi/product/suomen-joutsen-kauppalaivastomme-merimiesten-kouluna/,"Meri","kirjapino.fi",30EUR,in stock,1608120472458_217103,,,1970-01-29T00:00+00:00/1970-01-30T23:59+00:00,30EUR,new,published,,,,,,,
1608120392889_217101,"Hyvintoimintayhteiskunta - miten aikamme kriisi ratkeaa?","Hyvintoimintayhteiskunta - miten aikamme kriisi ratkeaa?",https://res.cloudinary.com/dolyfnals/images/v1608120408/fw8lidymjcxvvetculj4_2171009ed79/fw8lidymjcxvvetculj4_2171009ed79.jpg,https://dev1.kirjapino.fi/product/hyvintoimintayhteiskunta-miten-aikamme-kriisi-ratkeaa/,"Yhteiskunta, laki, politiikka","kirjapino.fi",17EUR,in stock,1608120392889_217101,,,1970-01-29T00:00+00:00/1970-01-30T23:59+00:00,17EUR,new,published,,,,,,,
1608120337801_217099,"Siinäpä tärkeimmät - Edellinen osa E. Ch.","Siinäpä tärkeimmät - Edellinen osa E. Ch.",https://res.cloudinary.com/dolyfnals/images/v1608120349/okowj46evm2cqbhxjyji_21709887665/okowj46evm2cqbhxjyji_21709887665.jpg,https://dev1.kirjapino.fi/product/siinapa-tarkeimmat-edellinen-osa-e-ch/,"Elämäkerrat, muistelmat, henkilöhistoria","kirjapino.fi",35EUR,in stock,1608120337801_217099,,,1970-01-29T00:00+00:00/1970-01-30T23:59+00:00,35EUR,new,published,,,,,,,
1608120241670_217097,"My Little Pony 5 minuutin satuja","My Little Pony 5 minuutin satuja",https://res.cloudinary.com/dolyfnals/images/v1608120271/u3coi1kkpucayryvv6bn_217096ae7c4/u3coi1kkpucayryvv6bn_217096ae7c4.jpg,https://dev1.kirjapino.fi/product/my-little-pony-5-minuutin-satuja/,"Lastenkirjat, sadut","kirjapino.fi",15EUR,in stock,1608120241670_217097,,,1970-01-29T00:00+00:00/1970-01-30T23:59+00:00,15EUR,new,published,,,,,,,
1608120224258_217095,"Paimenlauluja","Paimenlauluja",https://res.cloudinary.com/dolyfnals/images/v1608120238/pxltdeejuwonlv69irmz_217094807b2/pxltdeejuwonlv69irmz_217094807b2.jpg,https://dev1.kirjapino.fi/product/paimenlauluja/,"Antiikin Kreikka ja Rooma","kirjapino.fi",35EUR,in stock,1608120224258_217095,,,1970-01-29T00:00+00:00/1970-01-30T23:59+00:00,35EUR,new,published,,,,,,,
1608120164184_217093,"Gösta Sundqvist - Leevi and the Leavingsin dynamo","Gösta Sundqvist - Leevi and the Leavingsin dynamo",https://res.cloudinary.com/dolyfnals/images/v1608120179/rpnichqxrg40sptx95d4_21709238989/rpnichqxrg40sptx95d4_21709238989.jpg,https://dev1.kirjapino.fi/product/gosta-sundqvist-leevi-and-the-leavingsin-dynamo/,"Elämäkerrat, muistelmat, henkilöhistoria","kirjapino.fi",15EUR,in stock,1608120164184_217093,,,1970-01-29T00:00+00:00/1970-01-30T23:59+00:00,15EUR,new,published,,,,,,,
1608120071677_217091,"Aki Kaurismäen elokuvat","Aki Kaurismäen elokuvat",https://res.cloudinary.com/dolyfnals/images/v1608120087/z7ao0y5f0llkis1snbbm_217090ba213/z7ao0y5f0llkis1snbbm_217090ba213.jpg,https://dev1.kirjapino.fi/product/aki-kaurismaen-elokuvat-2/,"Elokuva, valokuva","kirjapino.fi",15EUR,in stock,1608120071677_217091,,,1970-01-29T00:00+00:00/1970-01-30T23:59+00:00,15EUR,new,published,,,,,,,
1608120000403_217089,"Unohdetut Jumalat","Unohdetut Jumalat",https://res.cloudinary.com/dolyfnals/images/v1608120024/h5clfhrmvd6jsewx346y_217088d0ed2/h5clfhrmvd6jsewx346y_217088d0ed2.jpg,https://dev1.kirjapino.fi/product/unohdetut-jumalat/,"Scifi, fantasia","kirjapino.fi",60EUR,in stock,1608120000403_217089,,,1970-01-29T00:00+00:00/1970-01-30T23:59+00:00,60EUR,new,published,,,,,,,
1608119952157_217087,"Disneyn kultainen prinsessakirja","Disneyn kultainen prinsessakirja",https://res.cloudinary.com/dolyfnals/images/v1608119963/qe2prlytl1sw0epdnfuk_21708623c59/qe2prlytl1sw0epdnfuk_21708623c59.jpg,https://dev1.kirjapino.fi/product/disneyn-kultainen-prinsessakirja/,"Lastenkirjat, sadut","kirjapino.fi",17EUR,in stock,1608119952157_217087,,,1970-01-29T00:00+00:00/1970-01-30T23:59+00:00,17EUR,new,published,,,,,,,
1608119935234_217085,"Rantasalmen historia","Rantasalmen historia",https://res.cloudinary.com/dolyfnals/images/v1608119943/odaaltnqsj11hjcj5dpm_217084556ab/odaaltnqsj11hjcj5dpm_217084556ab.jpg,https://dev1.kirjapino.fi/product/rantasalmen-historia/,"Paikallishistoria","kirjapino.fi",55EUR,in stock,1608119935234_217085,,,1970-01-29T00:00+00:00/1970-01-30T23:59+00:00,55EUR,new,published,,,,,,,
1608119773291_217083,"La Ciudad","La Ciudad",https://res.cloudinary.com/dolyfnals/images/v1608119785/bbr2bycmdrrj6igmnkvt_21708292689/bbr2bycmdrrj6igmnkvt_21708292689.jpg,https://dev1.kirjapino.fi/product/la-ciudad/,"Kaunokirjallisuus (kotim.)","kirjapino.fi",17EUR,in stock,1608119773291_217083,,,1970-01-29T00:00+00:00/1970-01-30T23:59+00:00,17EUR,new,published,,,,,,,
1608119537677_217081,"Lapsiperheen vegaanikeittokirja - Helppo arki Chocochilin resepteillä","Lapsiperheen vegaanikeittokirja - Helppo arki Chocochilin resepteillä",https://res.cloudinary.com/dolyfnals/images/v1608119568/c4n6wkb2txthpivhwuzg_217080d4923/c4n6wkb2txthpivhwuzg_217080d4923.jpg,https://dev1.kirjapino.fi/product/lapsiperheen-vegaanikeittokirja-helppo-arki-chocochilin-resepteilla-2/,"Ruoka ja kotitalous","kirjapino.fi",20EUR,in stock,1608119537677_217081,,,1970-01-29T00:00+00:00/1970-01-30T23:59+00:00,20EUR,new,published,,,,,,,
1608119127696_217079,"Mercedes Bentso - totuus ja tunnustus","Mercedes Bentso - totuus ja tunnustus",https://res.cloudinary.com/dolyfnals/images/v1608119143/azikgy1ybekzhmhobxj4_217078c9724/azikgy1ybekzhmhobxj4_217078c9724.jpg,https://dev1.kirjapino.fi/product/mercedes-bentso-totuus-ja-tunnustus/,"Elämäkerrat, muistelmat, henkilöhistoria","kirjapino.fi",18EUR,in stock,1608119127696_217079,,,1970-01-29T00:00+00:00/1970-01-30T23:59+00:00,18EUR,new,published,,,,,,,
1608119067086_217077,"Kasvun paikka","Kasvun paikka",https://res.cloudinary.com/dolyfnals/images/v1608119087/to4frdhpnk97ycnruz79_217076e1be6/to4frdhpnk97ycnruz79_217076e1be6.jpg,https://dev1.kirjapino.fi/product/kasvun-paikka/,"Psykologia, kasvatus, elämäntaito","kirjapino.fi",20EUR,in stock,1608119067086_217077,,,1970-01-29T00:00+00:00/1970-01-30T23:59+00:00,20EUR,new,published,,,,,,,
1608118179079_217069,"Sinun päiväs koittaa","Sinun päiväs koittaa",https://res.cloudinary.com/dolyfnals/images/v1608118189/tkac4ntlavznt3v7thlb_217068696a8/tkac4ntlavznt3v7thlb_217068696a8.jpg,https://dev1.kirjapino.fi/product/sinun-paivas-koittaa/,"Kaunokirjallisuus (kotim.)","kirjapino.fi",20EUR,in stock,1608118179079_217069,,,1970-01-29T00:00+00:00/1970-01-30T23:59+00:00,20EUR,new,published,,,,,,,
1608116842096_217067,"Diktaattori katsomossa - tositarinoita urheilusta vallan varjossa","Diktaattori katsomossa - tositarinoita urheilusta vallan varjossa",https://res.cloudinary.com/dolyfnals/images/v1608116867/uk7iygm6sxrgwkhofm9r_217066cefa5/uk7iygm6sxrgwkhofm9r_217066cefa5.jpg,https://dev1.kirjapino.fi/product/diktaattori-katsomossa-tositarinoita-urheilusta-vallan-varjossa/,"Urheilu","kirjapino.fi",19EUR,in stock,1608116842096_217067,,,1970-01-29T00:00+00:00/1970-01-30T23:59+00:00,19EUR,new,published,,,,,,,
1608116196993_217063,"Yksi meistä on seuraava","Yksi meistä on seuraava",https://res.cloudinary.com/dolyfnals/images/v1608116209/xnj4pb401igpltt7zj3v_217062ebac6/xnj4pb401igpltt7zj3v_217062ebac6.jpg,https://dev1.kirjapino.fi/product/yksi-meista-on-seuraava/,"Nuortenkirjat","kirjapino.fi",18EUR,in stock,1608116196993_217063,,,1970-01-29T00:00+00:00/1970-01-30T23:59+00:00,18EUR,new,published,,,,,,,
1608115446507_217057,"Neljäntienristeys - näytelmäsovitus","Neljäntienristeys - näytelmäsovitus",https://res.cloudinary.com/dolyfnals/images/v1608115462/zt7wlu9d9uvoawawrjns_217056fea9d/zt7wlu9d9uvoawawrjns_217056fea9d.jpg,https://dev1.kirjapino.fi/product/neljantienristeys-naytelmasovitus-3/,"Teatteri, näytelmät","kirjapino.fi",18EUR,in stock,1608115446507_217057,,,1970-01-29T00:00+00:00/1970-01-30T23:59+00:00,18EUR,new,published,,,,,,,
1608115226661_217055,"Aikuisia ihmisiä","Aikuisia ihmisiä",https://res.cloudinary.com/dolyfnals/images/v1608115248/kszvicgkbw75irvpreb1_2170549a98d/kszvicgkbw75irvpreb1_2170549a98d.jpg,https://dev1.kirjapino.fi/product/aikuisia-ihmisia/,"Kaunokirjallisuus (kotim.)","kirjapino.fi",18EUR,in stock,1608115226661_217055,,,1970-01-29T00:00+00:00/1970-01-30T23:59+00:00,18EUR,new,published,,,,,,,
1608115134335_217053,"Tähän aikaan huomenna","Tähän aikaan huomenna",https://res.cloudinary.com/dolyfnals/images/v1608115143/htnplkywxwjd7fra4ijq_2170520666d/htnplkywxwjd7fra4ijq_2170520666d.jpg,https://dev1.kirjapino.fi/product/tahan-aikaan-huomenna/,"Kaunokirjallisuus (kotim.)","kirjapino.fi",17EUR,in stock,1608115134335_217053,,,1970-01-29T00:00+00:00/1970-01-30T23:59+00:00,17EUR,new,published,,,,,,,
1608114903386_217049,"Keksintöjen maailma - kuinka nykyaika syntyi","Keksintöjen maailma - kuinka nykyaika syntyi",https://res.cloudinary.com/dolyfnals/images/v1608114925/yfionn8qqwjjjcxte9gv_21704814a56/yfionn8qqwjjjcxte9gv_21704814a56.jpg,https://dev1.kirjapino.fi/product/keksintojen-maailma-kuinka-nykyaika-syntyi/,"Lastenkirjat, sadut","kirjapino.fi",13EUR,in stock,1608114903386_217049,,,1970-01-29T00:00+00:00/1970-01-30T23:59+00:00,13EUR,new,published,,,,,,,
1608114503070_217047,"Muumipeikko nukahtaa - luukkukirja","Muumipeikko nukahtaa - luukkukirja",https://res.cloudinary.com/dolyfnals/images/v1608114528/jt5cvpnswsgtfytikesc_217046dbdc6/jt5cvpnswsgtfytikesc_217046dbdc6.jpg,https://dev1.kirjapino.fi/product/muumipeikko-nukahtaa-luukkukirja/,"Lastenkirjat, sadut","kirjapino.fi",13EUR,in stock,1608114503070_217047,,,1970-01-29T00:00+00:00/1970-01-30T23:59+00:00,13EUR,new,published,,,,,,,
1608113896120_217045,"Lonelu Planet Kids Lippukirja - Jännittäviä tarinoita maailman lippujen takaa","Lonelu Planet Kids Lippukirja - Jännittäviä tarinoita maailman lippujen takaa",https://res.cloudinary.com/dolyfnals/images/v1608113911/q5mbrj0kl1hduwxrgayy_217044c27ab/q5mbrj0kl1hduwxrgayy_217044c27ab.jpg,https://dev1.kirjapino.fi/product/lonelu-planet-kids-lippukirja-jannittavia-tarinoita-maailman-lippujen-takaa/,"Lastenkirjat, sadut","kirjapino.fi",15EUR,in stock,1608113896120_217045,,,1970-01-29T00:00+00:00/1970-01-30T23:59+00:00,15EUR,new,published,,,,,,,
1608112982788_217042,"Kansallispuistojen kutsu","Kansallispuistojen kutsu",https://res.cloudinary.com/dolyfnals/images/v1608113011/gp8msem2jtrzvqwcfyeb_21703944341/gp8msem2jtrzvqwcfyeb_21703944341.jpg,https://dev1.kirjapino.fi/product/kansallispuistojen-kutsu/,"Luonto, lemmikit, biologia","kirjapino.fi",22EUR,in stock,1608112982788_217042,,,1970-01-29T00:00+00:00/1970-01-30T23:59+00:00,22EUR,new,published,,,,,,,
1608112862823_217037,"Lintumies","Lintumies",https://res.cloudinary.com/dolyfnals/images/v1608113184/sbodba1w0hzyrn6lnzhc_217036d45f3/sbodba1w0hzyrn6lnzhc_217036d45f3.jpg,https://dev1.kirjapino.fi/product/lintumies/,"Luonto, lemmikit, biologia","kirjapino.fi",20EUR,in stock,1608112862823_217037,,,1970-01-29T00:00+00:00/1970-01-30T23:59+00:00,20EUR,new,published,,,,,,,
1608112754971_217035,"Nappi ja Neppari","Nappi ja Neppari",https://res.cloudinary.com/dolyfnals/images/v1608112765/d4ahy9ze0cvaaimmahil_2170342ced9/d4ahy9ze0cvaaimmahil_2170342ced9.jpg,https://dev1.kirjapino.fi/product/nappi-ja-neppari/,"Lastenkirjat, sadut","kirjapino.fi",12EUR,in stock,1608112754971_217035,,,1970-01-29T00:00+00:00/1970-01-30T23:59+00:00,12EUR,new,published,,,,,,,
1608112511991_217033,"Luutarhan tarinoita","Luutarhan tarinoita",https://res.cloudinary.com/dolyfnals/images/v1608112525/xhmof7dinhfz9rjyq1aa_217032e6f1d/xhmof7dinhfz9rjyq1aa_217032e6f1d.jpg,https://dev1.kirjapino.fi/product/luutarhan-tarinoita/,"Lastenkirjat, sadut","kirjapino.fi",13EUR,in stock,1608112511991_217033,,,1970-01-29T00:00+00:00/1970-01-30T23:59+00:00,13EUR,new,published,,,,,,,
1608033547271_217009,"Sinä osaat, sinä pystyt - Ilkka Suomisen elämä","Sinä osaat, sinä pystyt - Ilkka Suomisen elämä",https://res.cloudinary.com/dolyfnals/images/v1608033563/ifx9umoncv1q1vd1febr_217008415fc/ifx9umoncv1q1vd1febr_217008415fc.jpg,https://dev1.kirjapino.fi/product/sina-osaat-sina-pystyt-ilkka-suomisen-elama/,"Elämäkerrat, muistelmat, henkilöhistoria","kirjapino.fi",20EUR,in stock,1608033547271_217009,,,1970-01-29T00:00+00:00/1970-01-30T23:59+00:00,20EUR,new,published,,,,,,,
1608033296930_217007,"Tesla metsässä","Tesla metsässä",https://res.cloudinary.com/dolyfnals/images/v1608033306/beo1znqelqdacf28gdjd_217006bb45e/beo1znqelqdacf28gdjd_217006bb45e.jpg,https://dev1.kirjapino.fi/product/tesla-metsassa-2/,"Kaunokirjallisuus (kotim.)","kirjapino.fi",15EUR,in stock,1608033296930_217007,,,1970-01-29T00:00+00:00/1970-01-30T23:59+00:00,15EUR,new,published,,,,,,,
1608033245523_217005,"Kimlandia - Silminnäkijänä Pohjois-Korean kulisseissa","Kimlandia - Silminnäkijänä Pohjois-Korean kulisseissa",https://res.cloudinary.com/dolyfnals/images/v1608033265/tfxh7xqbhx31jbxooiqw_217004e12f6/tfxh7xqbhx31jbxooiqw_217004e12f6.jpg,https://dev1.kirjapino.fi/product/kimlandia-silminnakijana-pohjois-korean-kulisseissa/,"Yhteiskunta, laki, politiikka","kirjapino.fi",17EUR,in stock,1608033245523_217005,,,1970-01-29T00:00+00:00/1970-01-30T23:59+00:00,17EUR,new,published,,,,,,,
1608033080590_217003,"Lasiseinä","Lasiseinä",https://res.cloudinary.com/dolyfnals/images/v1608033098/nq7flojxfjd9omcecazy_217002cda7a/nq7flojxfjd9omcecazy_217002cda7a.jpg,https://dev1.kirjapino.fi/product/lasiseina/,"Kaunokirjallisuus (kotim.)","kirjapino.fi",19EUR,in stock,1608033080590_217003,,,1970-01-29T00:00+00:00/1970-01-30T23:59+00:00,19EUR,new,published,,,,,,,
1608033035286_217001,"Onnen Pekka - muistelmia","Onnen Pekka - muistelmia",https://res.cloudinary.com/dolyfnals/images/v1608033050/bvzpeuu6tnft9rxmmotn_21700063f19/bvzpeuu6tnft9rxmmotn_21700063f19.jpg,https://dev1.kirjapino.fi/product/onnen-pekka-muistelmia/,"Elämäkerrat, muistelmat, henkilöhistoria","kirjapino.fi",22EUR,in stock,1608033035286_217001,,,1970-01-29T00:00+00:00/1970-01-30T23:59+00:00,22EUR,new,published,,,,,,,
1608032966703_216999,"Luottomies","Luottomies",https://res.cloudinary.com/dolyfnals/images/v1608032977/xxglxoczdzkf8tfa5l2g_216998cdfb4/xxglxoczdzkf8tfa5l2g_216998cdfb4.jpg,https://dev1.kirjapino.fi/product/luottomies/,"Kaunokirjallisuus (kotim.)","kirjapino.fi",15EUR,in stock,1608032966703_216999,,,1970-01-29T00:00+00:00/1970-01-30T23:59+00:00,15EUR,new,published,,,,,,,
1608032765294_216997,"Aviotärähdys","Aviotärähdys",https://res.cloudinary.com/dolyfnals/images/v1608032783/kgiahaz4yiqrhfkxkgdp_216996fc95a/kgiahaz4yiqrhfkxkgdp_216996fc95a.jpg,https://dev1.kirjapino.fi/product/aviotarahdys/,"Kaunokirjallisuus (kotim.)","kirjapino.fi",15EUR,in stock,1608032765294_216997,,,1970-01-29T00:00+00:00/1970-01-30T23:59+00:00,15EUR,new,published,,,,,,,
1608032220089_216993,"Luotonvalvonta ja saatavien perintä","Luotonvalvonta ja saatavien perintä",https://res.cloudinary.com/dolyfnals/images/v1608032240/cvpw6omv24xjkz9np0gr_2169925620e/cvpw6omv24xjkz9np0gr_2169925620e.jpg,https://dev1.kirjapino.fi/product/luotonvalvonta-ja-saatavien-perinta/,"Yhteiskunta, laki, politiikka","kirjapino.fi",25EUR,in stock,1608032220089_216993,,,1970-01-29T00:00+00:00/1970-01-30T23:59+00:00,25EUR,new,published,,,,,,,
1608032125800_216991,"Skavabölen pojista Kaspar Hauseriin - Q-teatteri","Skavabölen pojista Kaspar Hauseriin - Q-teatteri",https://res.cloudinary.com/dolyfnals/images/v1608032148/ow6alnw0xdpqq5dqf1na_21699089558/ow6alnw0xdpqq5dqf1na_21699089558.jpg,https://dev1.kirjapino.fi/product/skavabolen-pojista-kaspar-hauseriin-q-teatteri/,"Teatteri, näytelmät","kirjapino.fi",25EUR,in stock,1608032125800_216991,,,1970-01-29T00:00+00:00/1970-01-30T23:59+00:00,25EUR,new,published,,,,,,,
1608031828873_216989,"Melukylässä on hauskaa","esilehdellä edellisen omistajan nimi",https://res.cloudinary.com/dolyfnals/images/v1608031841/azcj9fvmqnrictc9gw5l_216988c1730/azcj9fvmqnrictc9gw5l_216988c1730.jpg,https://dev1.kirjapino.fi/product/melukylassa-on-hauskaa/,"Lastenkirjat, sadut","kirjapino.fi",15EUR,in stock,1608031828873_216989,,,1970-01-29T00:00+00:00/1970-01-30T23:59+00:00,15EUR,new,published,,,,,,,
1608030449824_216983,"Ennen kuin unohdat","Ennen kuin unohdat",https://res.cloudinary.com/dolyfnals/images/v1608030471/fisnejxtwcawzqpf0btm_21698234191/fisnejxtwcawzqpf0btm_21698234191.jpg,https://dev1.kirjapino.fi/product/ennen-kuin-unohdat/,"Kaunokirjallisuus (kotim.)","kirjapino.fi",17EUR,out of stock,1608030449824_216983,,,1970-01-29T00:00+00:00/1970-01-30T23:59+00:00,17EUR,new,staging,,,,,,,
1608029885533_216981,"Aristoteles Hollywoodissa - Menestystarinan anatomia","Aristoteles Hollywoodissa - Menestystarinan anatomia",https://res.cloudinary.com/dolyfnals/images/v1608029906/rbxgct9lejginbvbzplg_21698084576/rbxgct9lejginbvbzplg_21698084576.jpg,https://dev1.kirjapino.fi/product/aristoteles-hollywoodissa-menestystarinan-anatomia-2/,"Kirjallisuustutkimus","kirjapino.fi",22EUR,in stock,1608029885533_216981,,,1970-01-29T00:00+00:00/1970-01-30T23:59+00:00,22EUR,new,published,,,,,,,
1608029430620_216977,"Kuolema joulupäivänä","Kuolema joulupäivänä",https://res.cloudinary.com/dolyfnals/images/v1608029446/mrk1erqf2ubxjef8ldnh_2169769cc1e/mrk1erqf2ubxjef8ldnh_2169769cc1e.jpg,https://dev1.kirjapino.fi/product/kuolema-joulupaivana-2/,"Dekkarit (ulkom.)","kirjapino.fi",15EUR,in stock,1608029430620_216977,,,1970-01-29T00:00+00:00/1970-01-30T23:59+00:00,15EUR,new,published,,,,,,,
1608029187460_216975,"Kuoleman kulissit","Kuoleman kulissit",https://res.cloudinary.com/dolyfnals/images/v1608029206/p9xkgdyieydak11sml5q_21697486371/p9xkgdyieydak11sml5q_21697486371.jpg,https://dev1.kirjapino.fi/product/kuoleman-kulissit-2/,"Dekkarit (kotim.)","kirjapino.fi",17EUR,in stock,1608029187460_216975,,,1970-01-29T00:00+00:00/1970-01-30T23:59+00:00,17EUR,new,published,,,,,,,
1608029116977_216973,"Voimaa hengityksestä - matkalla rakkauteen, iloon ja terveyteen","Voimaa hengityksestä - matkalla rakkauteen, iloon ja terveyteen",https://res.cloudinary.com/dolyfnals/images/v1608029149/pohspnttodacqph5m932_216972e22fc/pohspnttodacqph5m932_216972e22fc.jpg,https://dev1.kirjapino.fi/product/voimaa-hengityksesta-matkalla-rakkauteen-iloon-ja-terveyteen/,"Psykologia, kasvatus, elämäntaito","kirjapino.fi",20EUR,in stock,1608029116977_216973,,,1970-01-29T00:00+00:00/1970-01-30T23:59+00:00,20EUR,new,published,,,,,,,
1608028776450_216971,"Psykoterapiaa idästä ja lännestä","Psykoterapiaa idästä ja lännestä",https://res.cloudinary.com/dolyfnals/images/v1608028789/qsadl2iibtduyjyvjnhz_2169703db89/qsadl2iibtduyjyvjnhz_2169703db89.jpg,https://dev1.kirjapino.fi/product/psykoterapiaa-idasta-ja-lannesta-2/,"Psykologia, kasvatus, elämäntaito","kirjapino.fi",17EUR,in stock,1608028776450_216971,,,1970-01-29T00:00+00:00/1970-01-30T23:59+00:00,17EUR,new,published,,,,,,,
1608028347147_216969,"Ja sitten tulivat sotilaat - Saksalaisnaisten kohtalo toisen maailmansodan voittajien käsissä","Ja sitten tulivat sotilaat - Saksalaisnaisten kohtalo toisen maailmansodan voittajien käsissä",https://res.cloudinary.com/dolyfnals/images/v1608028367/y271xao2ighfbqq1un80_2169686450a/y271xao2ighfbqq1un80_2169686450a.jpg,https://dev1.kirjapino.fi/product/ja-sitten-tulivat-sotilaat-saksalaisnaisten-kohtalo-toisen-maailmansodan-voittajien-kasissa-2/,"Sotahistoria","kirjapino.fi",15EUR,in stock,1608028347147_216969,,,1970-01-29T00:00+00:00/1970-01-30T23:59+00:00,15EUR,new,published,,,,,,,
1608028210606_216967,"Sydämeni lahja","Sydämeni lahja",https://res.cloudinary.com/dolyfnals/images/v1608028222/rn3uysqyjzlokzox5iuf_21696648c23/rn3uysqyjzlokzox5iuf_21696648c23.jpg,https://dev1.kirjapino.fi/product/sydameni-lahja-2/,"Kaunokirjallisuus (ulkom.)","kirjapino.fi",17EUR,in stock,1608028210606_216967,,,1970-01-29T00:00+00:00/1970-01-30T23:59+00:00,17EUR,new,published,,,,,,,
1608027673630_216965,"Tosirakkaus","Tosirakkaus",https://res.cloudinary.com/dolyfnals/images/v1608027685/mswm07r4gyvd7twuvb8a_21696444f2b/mswm07r4gyvd7twuvb8a_21696444f2b.jpg,https://dev1.kirjapino.fi/product/tosirakkaus/,"Kaunokirjallisuus (ulkom.)","kirjapino.fi",20EUR,in stock,1608027673630_216965,,,1970-01-29T00:00+00:00/1970-01-30T23:59+00:00,20EUR,new,published,,,,,,,
1608027406308_216963,"Hyppikää ilosta - päiväkirjastani 2014-2015","Hyppikää ilosta - päiväkirjastani 2014-2015",https://res.cloudinary.com/dolyfnals/images/v1608027417/u9vmbipilvb58oxkevdq_216962fcc4a/u9vmbipilvb58oxkevdq_216962fcc4a.jpg,https://dev1.kirjapino.fi/product/hyppikaa-ilosta-paivakirjastani-2014-2015/,"Elämäkerrat, muistelmat, henkilöhistoria","kirjapino.fi",17EUR,in stock,1608027406308_216963,,,1970-01-29T00:00+00:00/1970-01-30T23:59+00:00,17EUR,new,published,,,,,,,
1608027061148_216961,"Tyhjää toimittamassa","Tyhjää toimittamassa",https://res.cloudinary.com/dolyfnals/images/v1608027085/p2kp2vgax4vxsxs15p7t_216960fa184/p2kp2vgax4vxsxs15p7t_216960fa184.jpg,https://dev1.kirjapino.fi/product/tyhjaa-toimittamassa/,"Kaunokirjallisuus (kotim.)","kirjapino.fi",19EUR,in stock,1608027061148_216961,,,1970-01-29T00:00+00:00/1970-01-30T23:59+00:00,19EUR,new,published,,,,,,,
1608026435733_216957,"Sopivassa suhteessa","Sopivassa suhteessa",https://res.cloudinary.com/dolyfnals/images/v1608026449/thcfrl2qnlwulfwy4ls2_2169568b47e/thcfrl2qnlwulfwy4ls2_2169568b47e.jpg,https://dev1.kirjapino.fi/product/sopivassa-suhteessa-2/,"Kaunokirjallisuus (kotim.)","kirjapino.fi",15EUR,in stock,1608026435733_216957,,,1970-01-29T00:00+00:00/1970-01-30T23:59+00:00,15EUR,new,published,,,,,,,
1608025541894_216955,"Käsivarren sota - Lasten ristiretki 1944-1945","Käsivarren sota - Lasten ristiretki 1944-1945",https://res.cloudinary.com/dolyfnals/images/v1608025569/qj1qf7gi0lzftuxy0ckc_2169542aaa9/qj1qf7gi0lzftuxy0ckc_2169542aaa9.jpg,https://dev1.kirjapino.fi/product/kasivarren-sota-lasten-ristiretki-1944-1945/,"Sotahistoria","kirjapino.fi",30EUR,in stock,1608025541894_216955,,,1970-01-29T00:00+00:00/1970-01-30T23:59+00:00,30EUR,new,published,,,,,,,
1608025268469_216951,"Majakanvaloa ja tuoreen levän tuoksua","Majakanvaloa ja tuoreen levän tuoksua",https://res.cloudinary.com/dolyfnals/images/v1608025287/reafp9tcc4coiyzjchz7_2169491b01b/reafp9tcc4coiyzjchz7_2169491b01b.jpg,https://dev1.kirjapino.fi/product/majakanvaloa-ja-tuoreen-levan-tuoksua-2/,"Kaunokirjallisuus (ulkom.)","kirjapino.fi",18EUR,in stock,1608025268469_216951,,,1970-01-29T00:00+00:00/1970-01-30T23:59+00:00,18EUR,new,published,,,,,,,
1608024755400_216947,"Palava labyrintti - Apollon 3","Palava labyrintti - Apollon 3",https://res.cloudinary.com/dolyfnals/images/v1608024768/gyhbpzadtb1jiix40nnl_216946828db/gyhbpzadtb1jiix40nnl_216946828db.jpg,https://dev1.kirjapino.fi/product/palava-labyrintti-apollon-3/,"Scifi, fantasia","kirjapino.fi",18EUR,in stock,1608024755400_216947,,,1970-01-29T00:00+00:00/1970-01-30T23:59+00:00,18EUR,new,published,,,,,,,
1608024513172_216945,"Kuutio","Kuutio",https://res.cloudinary.com/dolyfnals/images/v1608024533/wqgerlk1e3lijflzvbh3_2169447f66b/wqgerlk1e3lijflzvbh3_2169447f66b.jpg,https://dev1.kirjapino.fi/product/kuutio-2/,"Kaunokirjallisuus (kotim.)","kirjapino.fi",19EUR,in stock,1608024513172_216945,,,1970-01-29T00:00+00:00/1970-01-30T23:59+00:00,19EUR,new,published,,,,,,,
1608024373909_216943,"Kertomus sokeudesta","Kertomus sokeudesta",https://res.cloudinary.com/dolyfnals/images/v1608024391/uqxc6rypvgivpforxqvk_216942f8610/uqxc6rypvgivpforxqvk_216942f8610.jpg,https://dev1.kirjapino.fi/product/kertomus-sokeudesta-3/,"Kaunokirjallisuus (kotim.)","kirjapino.fi",20EUR,in stock,1608024373909_216943,,,1970-01-29T00:00+00:00/1970-01-30T23:59+00:00,20EUR,new,published,,,,,,,
1608023597114_216939,"Arkkitehtuurin poetiikka","Arkkitehtuurin poetiikka",https://res.cloudinary.com/dolyfnals/images/v1608023612/iu4jk81tzzhw4bkwvxsh_21693886e83/iu4jk81tzzhw4bkwvxsh_21693886e83.jpg,https://dev1.kirjapino.fi/product/arkkitehtuurin-poetiikka/,"Taide, arkkitehtuuri, muotoilu, sisustus","kirjapino.fi",25EUR,in stock,1608023597114_216939,,,1970-01-29T00:00+00:00/1970-01-30T23:59+00:00,25EUR,new,published,,,,,,,
1608023205001_216935,"Onnellisen puutarhurin vuosi","Onnellisen puutarhurin vuosi",https://res.cloudinary.com/dolyfnals/images/v1608023217/auzcqifiezmizvgnithc_216934982d8/auzcqifiezmizvgnithc_216934982d8.jpg,https://dev1.kirjapino.fi/product/onnellisen-puutarhurin-vuosi/,"Puutarha, huonekasvit","kirjapino.fi",22EUR,in stock,1608023205001_216935,,,1970-01-29T00:00+00:00/1970-01-30T23:59+00:00,22EUR,new,published,,,,,,,
1608022916025_216931,"Puutarhurin käsikirja - Puutarhan neljä kaunista vuodenaikaa","Puutarhurin käsikirja - Puutarhan neljä kaunista vuodenaikaa",https://res.cloudinary.com/dolyfnals/images/v1608022943/drtucg8zxla4nszs358e_216930b54a6/drtucg8zxla4nszs358e_216930b54a6.jpg,https://dev1.kirjapino.fi/product/puutarhurin-kasikirja-puutarhan-nelja-kaunista-vuodenaikaa-2/,"Puutarha, huonekasvit","kirjapino.fi",22EUR,in stock,1608022916025_216931,,,1970-01-29T00:00+00:00/1970-01-30T23:59+00:00,22EUR,new,published,,,,,,,
1608021999915_216929,"Ahdistunutta porukkaa","Ahdistunutta porukkaa",https://res.cloudinary.com/dolyfnals/images/v1608022011/pryewbdsos2nozdcqdor_2169286be1d/pryewbdsos2nozdcqdor_2169286be1d.jpg,https://dev1.kirjapino.fi/product/ahdistunutta-porukkaa/,"Kaunokirjallisuus (ulkom.)","kirjapino.fi",20EUR,in stock,1608021999915_216929,,,1970-01-29T00:00+00:00/1970-01-30T23:59+00:00,20EUR,new,published,,,,,,,
1607954036265_216920,"Pimeä yö, tähdetön taivas","Pimeä yö, tähdetön taivas",https://res.cloudinary.com/dolyfnals/images/v1607954063/borabei5mipubgals6pd_216919b72d4/borabei5mipubgals6pd_216919b72d4.jpg,https://dev1.kirjapino.fi/product/pimea-yo-tahdeton-taivas-2/,"Jännitys ja kauhu","kirjapino.fi",15EUR,in stock,1607954036265_216920,,,1970-01-29T00:00+00:00/1970-01-30T23:59+00:00,15EUR,new,published,,,,,,,
1607953971742_216918,"Elvis","Elvis",https://res.cloudinary.com/dolyfnals/images/v1607953984/mv4t9jylqvuk2nndzngb_2169176e756/mv4t9jylqvuk2nndzngb_2169176e756.jpg,https://dev1.kirjapino.fi/product/elvis/,"Elämäkerrat, muistelmat, henkilöhistoria","kirjapino.fi",18EUR,in stock,1607953971742_216918,,,1970-01-29T00:00+00:00/1970-01-30T23:59+00:00,18EUR,new,published,,,,,,,
1607953877982_216916,"Lasihelmipeli","Lasihelmipeli",https://res.cloudinary.com/dolyfnals/images/v1607953908/mpjmpr1kalei14dlfhyx_216915c9e1e/mpjmpr1kalei14dlfhyx_216915c9e1e.jpg,https://dev1.kirjapino.fi/product/lasihelmipeli-3/,"Kaunokirjallisuus (ulkom.)","kirjapino.fi",30EUR,in stock,1607953877982_216916,,,1970-01-29T00:00+00:00/1970-01-30T23:59+00:00,30EUR,new,published,,,,,,,
1607953625863_216910,"Kamikaze - Japanin itsemurhalentäjät","Kamikaze - Japanin itsemurhalentäjät",https://res.cloudinary.com/dolyfnals/images/v1607953641/zdu9r9mvnbo7ccn81qal_216909084c8/zdu9r9mvnbo7ccn81qal_216909084c8.jpg,https://dev1.kirjapino.fi/product/kamikaze-japanin-itsemurhalentajat-2/,"Sotahistoria","kirjapino.fi",17EUR,in stock,1607953625863_216910,,,1970-01-29T00:00+00:00/1970-01-30T23:59+00:00,17EUR,new,published,,,,,,,
1607952522494_216908,"Kuuba 2020","Kuuba 2020",https://res.cloudinary.com/dolyfnals/images/v1607952538/mnotp0i37fsvrbbytjbq_21690775c9b/mnotp0i37fsvrbbytjbq_21690775c9b.jpg,https://dev1.kirjapino.fi/product/kuuba-2020/,"Yhteiskunta, laki, politiikka","kirjapino.fi",20EUR,in stock,1607952522494_216908,,,1970-01-29T00:00+00:00/1970-01-30T23:59+00:00,20EUR,new,published,,,,,,,
1607952473073_216906,"Tarinallinen journalismi","Tarinallinen journalismi",https://res.cloudinary.com/dolyfnals/images/v1607952483/fwl9orxlhafv48wpif84_216905cc493/fwl9orxlhafv48wpif84_216905cc493.jpg,https://dev1.kirjapino.fi/product/tarinallinen-journalismi/,"Kirjallisuustutkimus","kirjapino.fi",22EUR,in stock,1607952473073_216906,,,1970-01-29T00:00+00:00/1970-01-30T23:59+00:00,22EUR,new,published,,,,,,,
1607952414007_216904,"Kollaboraatio - Yhteistekijyys nykykirjallisuudessa ja taiteessa","Kollaboraatio - Yhteistekijyys nykykirjallisuudessa ja taiteessa",https://res.cloudinary.com/dolyfnals/images/v1607952425/vlzmu5yb4aglfu9986ib_216903b091a/vlzmu5yb4aglfu9986ib_216903b091a.jpg,https://dev1.kirjapino.fi/product/kollaboraatio-yhteistekijyys-nykykirjallisuudessa-ja-taiteessa/,"Kirjallisuustutkimus","kirjapino.fi",20EUR,in stock,1607952414007_216904,,,1970-01-29T00:00+00:00/1970-01-30T23:59+00:00,20EUR,new,published,,,,,,,
1607952343205_216902,"Elämä Käyttöohje - Romaaneja","Elämä Käyttöohje - Romaaneja",https://res.cloudinary.com/dolyfnals/images/v1607952358/bl5lxlx5nokdftpdofco_2169015e4dd/bl5lxlx5nokdftpdofco_2169015e4dd.jpg,https://dev1.kirjapino.fi/product/elama-kayttoohje-romaaneja-5/,"Kaunokirjallisuus (ulkom.)","kirjapino.fi",25EUR,in stock,1607952343205_216902,,,1970-01-29T00:00+00:00/1970-01-30T23:59+00:00,25EUR,new,published,,,,,,,
1607952246778_216900,"Ne runot, jotka jäivät - Runoja kokoelmien ulkopuolelta","Ne runot, jotka jäivät - Runoja kokoelmien ulkopuolelta",https://res.cloudinary.com/dolyfnals/images/v1607952266/x2mdyfeboly4rejr7rqe_216899c0d4e/x2mdyfeboly4rejr7rqe_216899c0d4e.jpg,https://dev1.kirjapino.fi/product/ne-runot-jotka-jaivat-runoja-kokoelmien-ulkopuolelta/,"Runot","kirjapino.fi",15EUR,in stock,1607952246778_216900,,,1970-01-29T00:00+00:00/1970-01-30T23:59+00:00,15EUR,new,published,,,,,,,
1607772225882_216857,"Suomen museohistoria","Suomen museohistoria",https://res.cloudinary.com/dolyfnals/images/v1607772236/am3wsm4kghmyy7rti1po_2168562da26/am3wsm4kghmyy7rti1po_2168562da26.jpg,https://dev1.kirjapino.fi/product/suomen-museohistoria/,"Suomen historia","kirjapino.fi",30EUR,in stock,1607772225882_216857,,,1970-01-29T00:00+00:00/1970-01-30T23:59+00:00,30EUR,new,published,,,,,,,
1607772128967_216855,"Apua, meillä on puutarha!","Apua, meillä on puutarha!",https://res.cloudinary.com/dolyfnals/images/v1607772142/mg5lqszj9nd2jgfsx7te_2168545fe44/mg5lqszj9nd2jgfsx7te_2168545fe44.jpg,https://dev1.kirjapino.fi/product/apua-meilla-on-puutaha/,"Puutarha, huonekasvit","kirjapino.fi",20EUR,in stock,1607772128967_216855,,,1970-01-29T00:00+00:00/1970-01-30T23:59+00:00,20EUR,new,published,,,,,,,
1607771972021_216851,"Tapauskertomukset","Tapauskertomukset",https://res.cloudinary.com/dolyfnals/images/v1607771988/ngwyqzrimhztx0wn410v_21685055514/ngwyqzrimhztx0wn410v_21685055514.jpg,https://dev1.kirjapino.fi/product/tapauskertomukset/,"Psykologia, kasvatus, elämäntaito","kirjapino.fi",50EUR,in stock,1607771972021_216851,,,1970-01-29T00:00+00:00/1970-01-30T23:59+00:00,50EUR,new,published,,,,,,,
1607770551520_216843,"Sielun vuori","Sielun vuori",https://res.cloudinary.com/dolyfnals/images/v1607770566/vpyhqxswcnmtk8fwizhf_2168425e6f4/vpyhqxswcnmtk8fwizhf_2168425e6f4.jpg,https://dev1.kirjapino.fi/product/sielun-vuori/,"Kaunokirjallisuus (ulkom.)","kirjapino.fi",35EUR,in stock,1607770551520_216843,,,1970-01-29T00:00+00:00/1970-01-30T23:59+00:00,35EUR,new,published,,,,,,,
1607770264791_216841,"Suomen oikeushistorian pääpiirteet - Sukuvallasta moderniin oikeuteen","Suomen oikeushistorian pääpiirteet - Sukuvallasta moderniin oikeuteen",https://res.cloudinary.com/dolyfnals/images/v1607770287/mlkzefjts4km0yg937pk_2168404673e/mlkzefjts4km0yg937pk_2168404673e.jpg,https://dev1.kirjapino.fi/product/suomen-oikeushistorian-paapiirteet-sukuvallasta-moderniin-oikeuteen/,"Suomen historia","kirjapino.fi",35EUR,out of stock,1607770264791_216841,,,1970-01-29T00:00+00:00/1970-01-30T23:59+00:00,35EUR,new,staging,,,,,,,
1607770112027_216839,"Kolmas simpanssi - Ihmiseläimen evoluutio ja tulevaisuus","Kolmas simpanssi - Ihmiseläimen evoluutio ja tulevaisuus",https://res.cloudinary.com/dolyfnals/images/v1607770128/chyyk9m5fe3dw82jkifq_216838d4a96/chyyk9m5fe3dw82jkifq_216838d4a96.jpg,https://dev1.kirjapino.fi/product/kolmas-simpanssi-ihmiselaimen-evoluutio-ja-tulevaisuus-2/,"Luonto, lemmikit, biologia","kirjapino.fi",23EUR,in stock,1607770112027_216839,,,1970-01-29T00:00+00:00/1970-01-30T23:59+00:00,23EUR,new,published,,,,,,,
1607770036262_216837,"Wolfpack - U-Boats at War 1939-1945","Wolfpack - U-Boats at War 1939-1945",https://res.cloudinary.com/dolyfnals/images/v1607770069/rpb3bbocpvccywterlze_2168369e5c4/rpb3bbocpvccywterlze_2168369e5c4.jpg,https://dev1.kirjapino.fi/product/wolfpack-u-boats-at-war-1939-1945/,"Sotahistoria","kirjapino.fi",25EUR,in stock,1607770036262_216837,,,1970-01-29T00:00+00:00/1970-01-30T23:59+00:00,25EUR,new,published,,,,,,,
1607769573241_216835,"Saksalaiset suihkuhävittäjä-ässät - Hävittäjä-ässät 6","Saksalaiset suihkuhävittäjä-ässät - Hävittäjä-ässät 6",https://res.cloudinary.com/dolyfnals/images/v1607769589/wtlej1gprmvkntx9vrd2_216834d4053/wtlej1gprmvkntx9vrd2_216834d4053.jpg,https://dev1.kirjapino.fi/product/saksalaiset-suihkuhavittaja-assat-havittaja-assat-6-3/,"Sotahistoria","kirjapino.fi",15EUR,in stock,1607769573241_216835,,,1970-01-29T00:00+00:00/1970-01-30T23:59+00:00,15EUR,new,published,,,,,,,
1607769370898_216833,"Rahwahan kandeleh - Kalevalan lauluo, virttä, soarnoa ja tieduo","Rahwahan kandeleh - Kalevalan lauluo, virttä, soarnoa ja tieduo",https://res.cloudinary.com/dolyfnals/images/v1607769388/qmf9xg6kml483v3tlsap_21683257790/qmf9xg6kml483v3tlsap_21683257790.jpg,https://dev1.kirjapino.fi/product/rahwahan-kandeleh-kalevalan-lauluo-virtta-soarnoa-ja-tieduo/,"Karjala","kirjapino.fi",25EUR,in stock,1607769370898_216833,,,1970-01-29T00:00+00:00/1970-01-30T23:59+00:00,25EUR,new,published,,,,,,,
1607769185764_216831,"Kävelemisen taito","Kävelemisen taito",https://res.cloudinary.com/dolyfnals/images/v1607769202/gmgx0thh9ulxmeqpeuno_216830163da/gmgx0thh9ulxmeqpeuno_216830163da.jpg,https://dev1.kirjapino.fi/product/kavelemisen-taito-3/,"Psykologia, kasvatus, elämäntaito","kirjapino.fi",13EUR,in stock,1607769185764_216831,,,1970-01-29T00:00+00:00/1970-01-30T23:59+00:00,13EUR,new,published,,,,,,,
1607768951673_216829,"Yhdessä isän kanssa","Yhdessä isän kanssa",https://res.cloudinary.com/dolyfnals/images/v1607768963/ntgtcahit78xefcrelqu_21682894bc9/ntgtcahit78xefcrelqu_21682894bc9.jpg,https://dev1.kirjapino.fi/product/yhdessa-isan-kanssa/,"Psykologia, kasvatus, elämäntaito","kirjapino.fi",12EUR,in stock,1607768951673_216829,,,1970-01-29T00:00+00:00/1970-01-30T23:59+00:00,12EUR,new,published,,,,,,,
1607768815318_216827,"Kodin kirja - Alkeislukukirja kansa-, kierto- ja valmistavia kouluja varten","Kodin kirja - Alkeislukukirja kansa-, kierto- ja valmistavia kouluja varten",https://res.cloudinary.com/dolyfnals/images/v1607768823/k8sjomrlfo0xqnwqi715_216826965b5/k8sjomrlfo0xqnwqi715_216826965b5.jpg,https://dev1.kirjapino.fi/product/kodin-kirja-alkeislukukirja-kansa-kierto-ja-valmistavia-kouluja-varten-2/,"Oppikirjat","kirjapino.fi",15EUR,in stock,1607768815318_216827,,,1970-01-29T00:00+00:00/1970-01-30T23:59+00:00,15EUR,new,published,,,,,,,
1607768562593_216825,"Auschwitzin komendantti - Omaelämäkerta","Auschwitzin komendantti - Omaelämäkerta",https://res.cloudinary.com/dolyfnals/images/v1607768577/ki5pccwhorgzcenclsdl_2168240e13e/ki5pccwhorgzcenclsdl_2168240e13e.jpg,https://dev1.kirjapino.fi/product/auschwitzin-komendantti-omaelamakerta/,"Sotahistoria","kirjapino.fi",25EUR,out of stock,1607768562593_216825,,,1970-01-29T00:00+00:00/1970-01-30T23:59+00:00,25EUR,new,staging,,,,,,,
1607768308631_216823,"Churchillin kolmas maailmansota","Churchillin kolmas maailmansota",https://res.cloudinary.com/dolyfnals/images/v1607768330/eexsx0nayvhfbo68dko4_21682240d52/eexsx0nayvhfbo68dko4_21682240d52.jpg,https://dev1.kirjapino.fi/product/churchillin-komas-maailmansota/,"Sotahistoria","kirjapino.fi",17EUR,in stock,1607768308631_216823,,,1970-01-29T00:00+00:00/1970-01-30T23:59+00:00,17EUR,new,published,,,,,,,
1607768171132_216821,"Hobitti Tolkienin silmin","Tyylikäs kirja kotelossaan",https://res.cloudinary.com/dolyfnals/images/v1607768191/wznaqmj4btecnv326aui_2168207dd40/wznaqmj4btecnv326aui_2168207dd40.jpg,https://dev1.kirjapino.fi/product/hobitti-tolkienin-silmin-2/,"Scifi, fantasia","kirjapino.fi",45EUR,in stock,1607768171132_216821,,,1970-01-29T00:00+00:00/1970-01-30T23:59+00:00,45EUR,new,published,,,,,,,
1607701051250_216813,"Sininen ja valkoinen - Suomalaisten rakkaimmat sävelmät 1917-1992","Sininen ja valkoinen - Suomalaisten rakkaimmat sävelmät 1917-1992",https://res.cloudinary.com/dolyfnals/images/v1607701072/s29o1i3ycifjbmnq9av2_216812a3b0e/s29o1i3ycifjbmnq9av2_216812a3b0e.jpg,https://dev1.kirjapino.fi/product/sininen-ja-valkoinen-suomalaisten-rakkaimmat-savelmat-1917-1992-2/,"Musiikki","kirjapino.fi",15EUR,in stock,1607701051250_216813,,,1970-01-29T00:00+00:00/1970-01-30T23:59+00:00,15EUR,new,published,,,,,,,
1607700601304_216809,"Olavi Virta 100 vuotta - Lauluja elämästä ja valkokankaalta","huom! vain kirja; ei CD:tä!",https://res.cloudinary.com/dolyfnals/images/v1607700622/byd5il0caemmmhclur6k_216808a2b24/byd5il0caemmmhclur6k_216808a2b24.jpg,https://dev1.kirjapino.fi/product/olavi-virta-100-vuotta-lauluja-elamasta-ja-valkokankaalta/,"Musiikki","kirjapino.fi",18EUR,in stock,1607700601304_216809,,,1970-01-29T00:00+00:00/1970-01-30T23:59+00:00,18EUR,new,published,,,,,,,
1607519193882_216769,"Kuorittu maito, piimä ja ternimaito ruokataloudessa","Kuorittu maito, piimä ja ternimaito ruokataloudessa",https://res.cloudinary.com/dolyfnals/images/v1607519211/ao2ucntptne6gr4xdbwz_21676847fd1/ao2ucntptne6gr4xdbwz_21676847fd1.jpg,https://dev1.kirjapino.fi/product/kuorittu-maito-piima-ja-ternimaito-ruokataloudessa/,"Ruoka ja kotitalous","kirjapino.fi",12EUR,in stock,1607519193882_216769,,,1970-01-29T00:00+00:00/1970-01-30T23:59+00:00,12EUR,new,published,,,,,,,
1607519111366_216767,"Enimmäkseen hyvä näkyvyys","Enimmäkseen hyvä näkyvyys",https://res.cloudinary.com/dolyfnals/images/v1607519120/lucwpf2krembcufguf7a_2167663a379/lucwpf2krembcufguf7a_2167663a379.jpg,https://dev1.kirjapino.fi/product/enimmakseen-hyva-nakyvyys-2/,"Sarjakuva-albumit","kirjapino.fi",13EUR,in stock,1607519111366_216767,,,1970-01-29T00:00+00:00/1970-01-30T23:59+00:00,13EUR,new,published,,,,,,,
1607519053386_216765,"Monumentum - Muistomerkkien aatteita ja aikaa","Monumentum - Muistomerkkien aatteita ja aikaa",https://res.cloudinary.com/dolyfnals/images/v1607519066/edlwbjkkatp0fnhyrky6_2167646123b/edlwbjkkatp0fnhyrky6_2167646123b.jpg,https://dev1.kirjapino.fi/product/monumentum-muistomerkkien-aatteita-ja-aikaa-3/,"Taide, arkkitehtuuri, muotoilu, sisustus","kirjapino.fi",30EUR,in stock,1607519053386_216765,,,1970-01-29T00:00+00:00/1970-01-30T23:59+00:00,30EUR,new,published,,,,,,,
1607518833278_216763,"Suruton kaupunki - 1920-luvun iloinen Helsinki","Suruton kaupunki - 1920-luvun iloinen Helsinki",https://res.cloudinary.com/dolyfnals/images/v1607518856/zfdj9rq7354i76tx3piq_216762b4549/zfdj9rq7354i76tx3piq_216762b4549.jpg,https://dev1.kirjapino.fi/product/suruton-kaupunki-1920-luvun-iloinen-helsinki-2/,"Paikallishistoria","kirjapino.fi",25EUR,in stock,1607518833278_216763,,,1970-01-29T00:00+00:00/1970-01-30T23:59+00:00,25EUR,new,published,,,,,,,
1607518747953_216761,"Aikamatkakuvia Helsingistä","Aikamatkakuvia Helsingistä",https://res.cloudinary.com/dolyfnals/images/v1607518771/qa2yyq50gh613hjkczjg_21676001139/qa2yyq50gh613hjkczjg_21676001139.jpg,https://dev1.kirjapino.fi/product/aikamatkakuvia-helsingista-3/,"Paikallishistoria","kirjapino.fi",17EUR,in stock,1607518747953_216761,,,1970-01-29T00:00+00:00/1970-01-30T23:59+00:00,17EUR,new,published,,,,,,,
1607518514131_216757,"Minä jaksan tämän päivän - tarinoita lastensuojelusta","Minä jaksan tämän päivän - tarinoita lastensuojelusta",https://res.cloudinary.com/dolyfnals/images/v1607518550/laa4wocdfy0klyyhdzro_21675698f8e/laa4wocdfy0klyyhdzro_21675698f8e.jpg,https://dev1.kirjapino.fi/product/mina-jaksan-taman-paivan-tarinoita-lastensuojelusta/,"Yhteiskunta, laki, politiikka","kirjapino.fi",17EUR,in stock,1607518514131_216757,,,1970-01-29T00:00+00:00/1970-01-30T23:59+00:00,17EUR,new,published,,,,,,,
1607518377100_216755,"Meidän jengin Zlatan 1-3 - Meidän jengin Zlatan / Meidän jengin Zlatan ja pitkä soolo / Meidän jengin Zlatan matkalla maineeseen","Meidän jengin Zlatan 1-3 - Meidän jengin Zlatan / Meidän jengin Zlatan ja pitkä soolo / Meidän jengin Zlatan matkalla maineeseen",https://res.cloudinary.com/dolyfnals/images/v1607518401/rhrzshvdwjvsklspzdgo_21675487d67/rhrzshvdwjvsklspzdgo_21675487d67.jpg,https://dev1.kirjapino.fi/product/meidan-jengin-zlatan-1-3-meidan-jengin-zlatan-meidan-jengin-zlatan-ja-pitka-soolo-meidan-jengin-zlatan-matkalla-maineeseen/,"Nuortenkirjat","kirjapino.fi",25EUR,in stock,1607518377100_216755,,,1970-01-29T00:00+00:00/1970-01-30T23:59+00:00,25EUR,new,published,,,,,,,
1607518166167_216753,"Ympäristörealistin käsikirja","Ympäristörealistin käsikirja",https://res.cloudinary.com/dolyfnals/images/v1607518177/f8i969epqwy4jzpvsmva_21675285c39/f8i969epqwy4jzpvsmva_21675285c39.jpg,https://dev1.kirjapino.fi/product/ymparistorealistin-kasikirja/,"Yhteiskunta, laki, politiikka","kirjapino.fi",13EUR,in stock,1607518166167_216753,,,1970-01-29T00:00+00:00/1970-01-30T23:59+00:00,13EUR,new,published,,,,,,,
1607517862956_216751,"Kilon poliisi ja muita koululaisjuttuja","Kilon poliisi ja muita koululaisjuttuja",https://res.cloudinary.com/dolyfnals/images/v1607517877/aiqwlwsigvhkgzozkw4m_21675069b45/aiqwlwsigvhkgzozkw4m_21675069b45.jpg,https://dev1.kirjapino.fi/product/kilon-poliisi-ja-muita-koululaisjuttuja-6/,"Huumori","kirjapino.fi",23EUR,in stock,1607517862956_216751,,,1970-01-29T00:00+00:00/1970-01-30T23:59+00:00,23EUR,new,published,,,,,,,
1607516032082_216749,"Mallorean taru 1-5 : Lännen vartijat / Murgojen kuningas / Karandan paholaisherra / Darshivan velhotar / Kellin näkijätär","Kansipapereissa kuvan mukaista nuhruisuutta",https://res.cloudinary.com/dolyfnals/images/v1607516045/rtvu7hkfewxmu7evb5il_216748d562d/rtvu7hkfewxmu7evb5il_216748d562d.jpg,https://dev1.kirjapino.fi/product/mallorean-taru-1-5-lannen-vartijat-murgojen-kuningas-karandan-paholaisherra-darshivan-velhotar-kellin-nakijatar-3/,"Scifi, fantasia","kirjapino.fi",80EUR,in stock,1607516032082_216749,,,1970-01-29T00:00+00:00/1970-01-30T23:59+00:00,80EUR,new,published,,,,,,,
1607510736306_216745,"Valekuun reitti","Valekuun reitti",https://res.cloudinary.com/dolyfnals/images/v1607510748/ci8dmop5lj1poiktz6rh_216744f314c/ci8dmop5lj1poiktz6rh_216744f314c.jpg,https://dev1.kirjapino.fi/product/valekuun-reitti-2/,"Runot","kirjapino.fi",18EUR,in stock,1607510736306_216745,,,1970-01-29T00:00+00:00/1970-01-30T23:59+00:00,18EUR,new,published,,,,,,,
1607510690213_216743,"Outoja tarinoita 6","Entisen omistajan nimi esilehdellä siististi",https://res.cloudinary.com/dolyfnals/images/v1607510703/qjc31kn9xcfjioim4xde_2167425a642/qjc31kn9xcfjioim4xde_2167425a642.jpg,https://dev1.kirjapino.fi/product/outoja-tarinoita-6-3/,"Jännitys ja kauhu","kirjapino.fi",30EUR,in stock,1607510690213_216743,,,1970-01-29T00:00+00:00/1970-01-30T23:59+00:00,30EUR,new,published,,,,,,,
1607510324813_216737,"Joka askel jonka otat","Joka askel jonka otat",https://res.cloudinary.com/dolyfnals/images/v1607510340/hpsvvlkul4sd1if2alpi_216736214e1/hpsvvlkul4sd1if2alpi_216736214e1.jpg,https://dev1.kirjapino.fi/product/joka-askel-jonka-otat/,"Jännitys ja kauhu","kirjapino.fi",18EUR,in stock,1607510324813_216737,,,1970-01-29T00:00+00:00/1970-01-30T23:59+00:00,18EUR,new,published,,,,,,,
1607510143662_216735,"Ihmisten eläinkirja - Muuttuva eläinkulttuuri","Ihmisten eläinkirja - Muuttuva eläinkulttuuri",https://res.cloudinary.com/dolyfnals/images/v1607510156/gxxpwlick0h0dynro5ep_21673486315/gxxpwlick0h0dynro5ep_21673486315.jpg,https://dev1.kirjapino.fi/product/ihmisten-elainkirja-muuttuva-elainkulttuuri-3/,"Luonto, lemmikit, biologia","kirjapino.fi",15EUR,in stock,1607510143662_216735,,,1970-01-29T00:00+00:00/1970-01-30T23:59+00:00,15EUR,new,published,,,,,,,
1607493715698_216724,"Koululainen 2/1977","Koululainen 2/1977",https://res.cloudinary.com/dolyfnals/images/v1607493724/nnk423/nnk423.jpg,https://dev1.kirjapino.fi/product/koululainen-2-1977/,"Sanoma- ja aikakauslehdet","kirjapino.fi",10EUR,in stock,1607493715698_216724,,,1970-01-29T00:00+00:00/1970-01-30T23:59+00:00,10EUR,new,published,,,,,,,
1607493700667_216722,"Koululainen 1/1977","Koululainen 1/1977",https://res.cloudinary.com/dolyfnals/images/v1607493712/nnk422/nnk422.jpg,https://dev1.kirjapino.fi/product/koululainen-1-1977/,"Sanoma- ja aikakauslehdet","kirjapino.fi",10EUR,in stock,1607493700667_216722,,,1970-01-29T00:00+00:00/1970-01-30T23:59+00:00,10EUR,new,published,,,,,,,
1607493685047_216720,"Koululainen 6/1974","Koululainen 6/1974",https://res.cloudinary.com/dolyfnals/images/v1607493705/nnk421/nnk421.jpg,https://dev1.kirjapino.fi/product/koululainen-6-1974/,"Sanoma- ja aikakauslehdet","kirjapino.fi",10EUR,in stock,1607493685047_216720,,,1970-01-29T00:00+00:00/1970-01-30T23:59+00:00,10EUR,new,published,,,,,,,
1607493667260_216718,"Otava kuvallinen kuukausilehti vuosikerta 1918","Otava kuvallinen kuukausilehti vuosikerta 1918",https://res.cloudinary.com/dolyfnals/images/v1607493684/nnk109/nnk109.jpg,https://dev1.kirjapino.fi/product/otava-kuvallinen-kuukausilehti-vuosikerta-1918/,"Sanoma- ja aikakauslehdet","kirjapino.fi",25EUR,in stock,1607493667260_216718,,,1970-01-29T00:00+00:00/1970-01-30T23:59+00:00,25EUR,new,published,,,,,,,
1607493652200_216716,"Kaukomieli 1/1953","Kaukomieli 1/1953",https://res.cloudinary.com/dolyfnals/images/v1607493667/nnj509/nnj509.jpg,https://dev1.kirjapino.fi/product/kaukomieli-1-1953/,"Sanoma- ja aikakauslehdet","kirjapino.fi",9EUR,in stock,1607493652200_216716,,,1970-01-29T00:00+00:00/1970-01-30T23:59+00:00,9EUR,new,published,,,,,,,
1607493634854_216714,"Korulipas 3/1960","Korulipas 3/1960",https://res.cloudinary.com/dolyfnals/images/v1607493651/1193_swu880_2016419143856/1193_swu880_2016419143856.jpg,https://dev1.kirjapino.fi/product/korulipas-3-1960/,"Sanoma- ja aikakauslehdet","kirjapino.fi",10EUR,in stock,1607493634854_216714,,,1970-01-29T00:00+00:00/1970-01-30T23:59+00:00,10EUR,new,published,,,,,,,
1607493621208_216712,"Korulipas 2/1960","Korulipas 2/1960",https://res.cloudinary.com/dolyfnals/images/v1607493654/1193_swu879_2016419143833/1193_swu879_2016419143833.jpg,https://dev1.kirjapino.fi/product/korulipas-2-1960/,"Sanoma- ja aikakauslehdet","kirjapino.fi",10EUR,in stock,1607493621208_216712,,,1970-01-29T00:00+00:00/1970-01-30T23:59+00:00,10EUR,new,published,,,,,,,
1607493609805_216710,"Korulipas 1/1960","Korulipas 1/1960",https://res.cloudinary.com/dolyfnals/images/v1607493621/1193_swu878_2016419143817/1193_swu878_2016419143817.jpg,https://dev1.kirjapino.fi/product/korulipas-1-1960/,"Sanoma- ja aikakauslehdet","kirjapino.fi",10EUR,in stock,1607493609805_216710,,,1970-01-29T00:00+00:00/1970-01-30T23:59+00:00,10EUR,new,published,,,,,,,
1607493594725_216708,"Insinöörilehti vuosikirja 1964 7B","Insinöörilehti vuosikirja 1964 7B",https://res.cloudinary.com/dolyfnals/images/v1607493602/1193_swu562_2016416134148/1193_swu562_2016416134148.jpg,https://dev1.kirjapino.fi/product/insinoorilehti-vuosikirja-1964-7b/,"Sanoma- ja aikakauslehdet","kirjapino.fi",9EUR,in stock,1607493594725_216708,,,1970-01-29T00:00+00:00/1970-01-30T23:59+00:00,9EUR,new,published,,,,,,,
1607493581815_216706,"Insinöörilehti vuosikirja 1968 5B","Insinöörilehti vuosikirja 1968 5B",https://res.cloudinary.com/dolyfnals/images/v1607493598/1193_swu561_2016416134213/1193_swu561_2016416134213.jpg,https://dev1.kirjapino.fi/product/insinoorilehti-vuosikirja-1968-5b/,"Sanoma- ja aikakauslehdet","kirjapino.fi",9EUR,in stock,1607493581815_216706,,,1970-01-29T00:00+00:00/1970-01-30T23:59+00:00,9EUR,new,published,,,,,,,
1607493565026_216704,"Elämän kevät 1913-1914  Sidottu vuosikerta","Elämän kevät 1913-1914  Sidottu vuosikerta",https://res.cloudinary.com/dolyfnals/images/v1607493576/1193_swt919_20164291813/1193_swt919_20164291813.jpg,https://dev1.kirjapino.fi/product/elaman-kevat-1913-1914-sidottu-vuosikerta/,"Sanoma- ja aikakauslehdet","kirjapino.fi",35EUR,in stock,1607493565026_216704,,,1970-01-29T00:00+00:00/1970-01-30T23:59+00:00,35EUR,new,published,,,,,,,
1607493550168_216702,"Kuuloviesti 1946-1948 Sidottu vuosikerta.","Kuuloviesti 1946-1948 Sidottu vuosikerta.",https://res.cloudinary.com/dolyfnals/images/v1607493564/1193_swu658_2016416191353/1193_swu658_2016416191353.jpg,https://dev1.kirjapino.fi/product/kuuloviesti-1946-1948-sidottu-vuosikerta/,"Sanoma- ja aikakauslehdet","kirjapino.fi",30EUR,in stock,1607493550168_216702,,,1970-01-29T00:00+00:00/1970-01-30T23:59+00:00,30EUR,new,published,,,,,,,
1607493535259_216700,"Elämän kevät. Sidottu vuosikerta 1911-1912","Alk.nro 2 helmikuu 1911. Nahkaselkä kulut, muilta osin virheetön kunto.",https://res.cloudinary.com/dolyfnals/images/v1607493546/1193_swt919_2016331164321/1193_swt919_2016331164321.jpg,https://dev1.kirjapino.fi/product/elaman-kevat-sidottu-vuosikerta-1911-1912/,"Sanoma- ja aikakauslehdet","kirjapino.fi",35EUR,in stock,1607493535259_216700,,,1970-01-29T00:00+00:00/1970-01-30T23:59+00:00,35EUR,new,published,,,,,,,
1607493520715_216698,"Elämän kevät. Sidottu vuosikerta 1909-1910","Elämän kevät. Sidottu vuosikerta 1909-1910",https://res.cloudinary.com/dolyfnals/images/v1607493529/1193_swt919_2016331164158/1193_swt919_2016331164158.jpg,https://dev1.kirjapino.fi/product/elaman-kevat-sidottu-vuosikerta-1909-1910/,"Sanoma- ja aikakauslehdet","kirjapino.fi",35EUR,in stock,1607493520715_216698,,,1970-01-29T00:00+00:00/1970-01-30T23:59+00:00,35EUR,new,published,,,,,,,
1607493508156_216696,"Alakansakoulu - Kahdestoista vuosikerta v. 1936","Alakansakoulu - Kahdestoista vuosikerta v. 1936",https://res.cloudinary.com/dolyfnals/images/v1607493531/1193_swt783_2016327155338/1193_swt783_2016327155338.jpg,https://dev1.kirjapino.fi/product/alakansakoulu-kahdestoista-vuosikerta-v-1936/,"Sanoma- ja aikakauslehdet","kirjapino.fi",25EUR,in stock,1607493508156_216696,,,1970-01-29T00:00+00:00/1970-01-30T23:59+00:00,25EUR,new,published,,,,,,,
1607493493723_216694,"Alakansakoulu - Yhdestoista vuosikerta v. 1935","Alakansakoulu - Yhdestoista vuosikerta v. 1935",https://res.cloudinary.com/dolyfnals/images/v1607493502/1193_swt783_2016327155441/1193_swt783_2016327155441.jpg,https://dev1.kirjapino.fi/product/alakansakoulu-yhdestoista-vuosikerta-v-1935/,"Sanoma- ja aikakauslehdet","kirjapino.fi",25EUR,in stock,1607493493723_216694,,,1970-01-29T00:00+00:00/1970-01-30T23:59+00:00,25EUR,new,published,,,,,,,
1607493458416_216692,"Priskurant öfver Aktiebolaget IRIS keramiska tillvärkningar - Hintaluettelo Aktieobolaget IRISen savitaideteoksista","Ensimmäisen sivun yläreunassa aiemman omistajan nimi.",https://res.cloudinary.com/dolyfnals/images/v1607493473/1193_swt652_2016326154329/1193_swt652_2016326154329.jpg,https://dev1.kirjapino.fi/product/priskurant-ofver-aktiebolaget-iris-keramiska-tillvarkningar-hintaluettelo-aktieobolaget-irisen-savitaideteoksista/,"Muut kirjat","kirjapino.fi",15EUR,in stock,1607493458416_216692,,,1970-01-29T00:00+00:00/1970-01-30T23:59+00:00,15EUR,new,published,,,,,,,
1607493422831_216690,"Joulumanteli Aku Ankka n:o 51 a 1972","Joulumanteli Aku Ankka n:o 51 a 1972",https://res.cloudinary.com/dolyfnals/images/v1607493445/1193_swt875_2016331151658/1193_swt875_2016331151658.jpg,https://dev1.kirjapino.fi/product/joulumanteli-aku-ankka-no-51-a-1972-2/,"Sarjakuvalehdet","kirjapino.fi",11EUR,in stock,1607493422831_216690,,,1970-01-29T00:00+00:00/1970-01-30T23:59+00:00,11EUR,new,published,,,,,,,
1607493402012_216688,"Roskaa","Roskaa",https://res.cloudinary.com/dolyfnals/images/v1607493420/nnl098/nnl098.jpg,https://dev1.kirjapino.fi/product/roskaa-2/,"Sarjakuva-albumit","kirjapino.fi",13EUR,in stock,1607493402012_216688,,,1970-01-29T00:00+00:00/1970-01-30T23:59+00:00,13EUR,new,published,,,,,,,
1607493379764_216686,"Leningrad Cowboys Sweet home Mexico","Leningrad Cowboys Sweet home Mexico",https://res.cloudinary.com/dolyfnals/images/v1607493415/nnj513/nnj513.jpg,https://dev1.kirjapino.fi/product/leningrad-cowboys-sweet-home-mexico-2/,"Sarjakuva-albumit","kirjapino.fi",13EUR,in stock,1607493379764_216686,,,1970-01-29T00:00+00:00/1970-01-30T23:59+00:00,13EUR,new,published,,,,,,,
1607493364585_216684,"Viivi ja Wagner - Parisuhteellisuusteoria","Pokkariversio.",https://res.cloudinary.com/dolyfnals/images/v1607493388/1193_swu521_201641613951/1193_swu521_201641613951.jpg,https://dev1.kirjapino.fi/product/viivi-ja-wagner-parisuhteellisuusteoria/,"Sarjakuva-albumit","kirjapino.fi",10EUR,in stock,1607493364585_216684,,,1970-01-29T00:00+00:00/1970-01-30T23:59+00:00,10EUR,new,published,,,,,,,
1607493349242_216682,"Merry Christmas Leningrad Cowboys","Merry Christmas Leningrad Cowboys",https://res.cloudinary.com/dolyfnals/images/v1607493363/1193_swu291_20164412742/1193_swu291_20164412742.jpg,https://dev1.kirjapino.fi/product/merry-christmas-leningrad-cowboys/,"Sarjakuva-albumit","kirjapino.fi",15EUR,in stock,1607493349242_216682,,,1970-01-29T00:00+00:00/1970-01-30T23:59+00:00,15EUR,new,published,,,,,,,
1607493336240_216680,"Katkaistu käsi  Mustat yöt-sarja","Katkaistu käsi  Mustat yöt-sarja",https://res.cloudinary.com/dolyfnals/images/v1607493353/1193_swu088_201642221459/1193_swu088_201642221459.jpg,https://dev1.kirjapino.fi/product/katkaistu-kasi-mustat-yot-sarja/,"Sarjakuva-albumit","kirjapino.fi",10EUR,in stock,1607493336240_216680,,,1970-01-29T00:00+00:00/1970-01-30T23:59+00:00,10EUR,new,published,,,,,,,
1607493297383_216678,"Voiman miehet Suomen Sähkölaitosyhdistys ry","Voiman miehet Suomen Sähkölaitosyhdistys ry",https://res.cloudinary.com/dolyfnals/images/v1607493321/nnl296/nnl296.jpg,https://dev1.kirjapino.fi/product/voiman-miehet-suomen-sahkolaitosyhdistys-ry/,"Yritys- ja järjestöhistoriikit","kirjapino.fi",13EUR,in stock,1607493297383_216678,,,1970-01-29T00:00+00:00/1970-01-30T23:59+00:00,13EUR,new,published,,,,,,,
1607493281282_216676,"Mesenaattien jalanjälkillä - Meacenas Killan puoli vuosisataa","Mesenaattien jalanjälkillä - Meacenas Killan puoli vuosisataa",https://res.cloudinary.com/dolyfnals/images/v1607493296/nnl121/nnl121.jpg,https://dev1.kirjapino.fi/product/mesenaattien-jalanjalkilla-meacenas-killan-puoli-vuosisataa/,"Yritys- ja järjestöhistoriikit","kirjapino.fi",15EUR,in stock,1607493281282_216676,,,1970-01-29T00:00+00:00/1970-01-30T23:59+00:00,15EUR,new,published,,,,,,,
1607493262921_216674,"Suomen konepajainsinööriyhdistys ry - Verkstadsingeniörsföreningen i Finland 1917-1942","Suomen konepajainsinööriyhdistys ry - Verkstadsingeniörsföreningen i Finland 1917-1942",https://res.cloudinary.com/dolyfnals/images/v1607493278/nnl001_2166735ee46/nnl001_2166735ee46.jpg,https://dev1.kirjapino.fi/product/suomen-konepajainsinooriyhdistys-ry-verkstadsingeniorsforeningen-i-finland-1917-1942/,"Yritys- ja järjestöhistoriikit","kirjapino.fi",20EUR,in stock,1607493262921_216674,,,1970-01-29T00:00+00:00/1970-01-30T23:59+00:00,20EUR,new,published,,,,,,,
1607493245234_216672,"Suomen Tiedeseuran historia 1838-1938","Suomen Tiedeseuran historia 1838-1938",https://res.cloudinary.com/dolyfnals/images/v1607493262/nnk985/nnk985.jpg,https://dev1.kirjapino.fi/product/suomen-tiedeseuran-historia-1838-1938/,"Yritys- ja järjestöhistoriikit","kirjapino.fi",25EUR,in stock,1607493245234_216672,,,1970-01-29T00:00+00:00/1970-01-30T23:59+00:00,25EUR,new,published,,,,,,,
1607493231546_216670,"150 tarinaa 150 små berättelser 150 Stories","150 tarinaa 150 små berättelser 150 Stories",https://res.cloudinary.com/dolyfnals/images/v1607493242/nnk964/nnk964.jpg,https://dev1.kirjapino.fi/product/150-tarinaa-150-sma-berattelser-150-stories/,"Yritys- ja järjestöhistoriikit","kirjapino.fi",17EUR,in stock,1607493231546_216670,,,1970-01-29T00:00+00:00/1970-01-30T23:59+00:00,17EUR,new,published,,,,,,,
1607493217751_216668,"Haarla-yhtymä 1903-1953","Haarla-yhtymä 1903-1953",https://res.cloudinary.com/dolyfnals/images/v1607493228/nnk939/nnk939.jpg,https://dev1.kirjapino.fi/product/haarla-yhtyma-1903-1953/,"Yritys- ja järjestöhistoriikit","kirjapino.fi",25EUR,in stock,1607493217751_216668,,,1970-01-29T00:00+00:00/1970-01-30T23:59+00:00,25EUR,new,published,,,,,,,
1607493197564_216666,"Naantali - Armonlaaksosta öljykaupungiksi 50 vuotta öljynjalostusta Suomessa","Naantali - Armonlaaksosta öljykaupungiksi 50 vuotta öljynjalostusta Suomessa",https://res.cloudinary.com/dolyfnals/images/v1607493212/nnk893/nnk893.jpg,https://dev1.kirjapino.fi/product/naantali-armonlaaksosta-oljykaupungiksi-50-vuotta-oljynjalostusta-suomessa/,"Yritys- ja järjestöhistoriikit","kirjapino.fi",13EUR,in stock,1607493197564_216666,,,1970-01-29T00:00+00:00/1970-01-30T23:59+00:00,13EUR,new,published,,,,,,,
1607493182118_216664,"40 vuotta sotainvalidien yhteistyötä pääkaupunkiseudulla","40 vuotta sotainvalidien yhteistyötä pääkaupunkiseudulla",https://res.cloudinary.com/dolyfnals/images/v1607493202/nnk853/nnk853.jpg,https://dev1.kirjapino.fi/product/40-vuotta-sotainvalidien-yhteistyota-paakaupunkiseudulla/,"Yritys- ja järjestöhistoriikit","kirjapino.fi",11EUR,in stock,1607493182118_216664,,,1970-01-29T00:00+00:00/1970-01-30T23:59+00:00,11EUR,new,published,,,,,,,
1607493166247_216662,"Suomen Ylioppilaskuntien liitto ja suomalaisen opiskelijaliikkeen muutokset vuodet 1968-90","Suomen Ylioppilaskuntien liitto ja suomalaisen opiskelijaliikkeen muutokset vuodet 1968-90",https://res.cloudinary.com/dolyfnals/images/v1607493178/nnk632/nnk632.jpg,https://dev1.kirjapino.fi/product/suomen-ylioppilaskuntien-liitto-ja-suomalaisen-opiskelijaliikkeen-muutokset-vuodet-1968-90/,"Yritys- ja järjestöhistoriikit","kirjapino.fi",12EUR,in stock,1607493166247_216662,,,1970-01-29T00:00+00:00/1970-01-30T23:59+00:00,12EUR,new,published,,,,,,,
1607493150063_216660,"Jyskyjen seminaari Jyväskylän seminaarin satavuotismuisto 1963","Jyskyjen seminaari Jyväskylän seminaarin satavuotismuisto 1963",https://res.cloudinary.com/dolyfnals/images/v1607493166/nnk540/nnk540.jpg,https://dev1.kirjapino.fi/product/jyskyjen-seminaari-jyvaskylan-seminaarin-satavuotismuisto-1963/,"Yritys- ja järjestöhistoriikit","kirjapino.fi",15EUR,in stock,1607493150063_216660,,,1970-01-29T00:00+00:00/1970-01-30T23:59+00:00,15EUR,new,published,,,,,,,
1607493131932_216658,"Rehti, Reipas, Rehellinen Hyvän toveruuden kilpa 1954-2004","Rehti, Reipas, Rehellinen Hyvän toveruuden kilpa 1954-2004",https://res.cloudinary.com/dolyfnals/images/v1607493143/nnk438/nnk438.jpg,https://dev1.kirjapino.fi/product/rehti-reipas-rehellinen-hyvan-toveruuden-kilpa-1954-2004/,"Yritys- ja järjestöhistoriikit","kirjapino.fi",13EUR,in stock,1607493131932_216658,,,1970-01-29T00:00+00:00/1970-01-30T23:59+00:00,13EUR,new,published,,,,,,,
1607493115063_216656,"60 jämäkkää meijerivuotta Hämeenlinnan osuusmeijeri 1926-1986","60 jämäkkää meijerivuotta Hämeenlinnan osuusmeijeri 1926-1986",https://res.cloudinary.com/dolyfnals/images/v1607493125/nnk433/nnk433.jpg,https://dev1.kirjapino.fi/product/60-jamakkaa-meijerivuotta-hameenlinnan-osuusmeijeri-1926-1986/,"Yritys- ja järjestöhistoriikit","kirjapino.fi",13EUR,in stock,1607493115063_216656,,,1970-01-29T00:00+00:00/1970-01-30T23:59+00:00,13EUR,new,published,,,,,,,
1607493085757_216654,"Viinejä ja väkeviä Salmisaaren tehtaan 50-vuotishistoriikki 1940-1990","Viinejä ja väkeviä Salmisaaren tehtaan 50-vuotishistoriikki 1940-1990",https://res.cloudinary.com/dolyfnals/images/v1607493108/nnk402/nnk402.jpg,https://dev1.kirjapino.fi/product/viineja-ja-vakevia-salmisaaren-tehtaan-50-vuotishistoriikki-1940-1990/,"Yritys- ja järjestöhistoriikit","kirjapino.fi",21EUR,in stock,1607493085757_216654,,,1970-01-29T00:00+00:00/1970-01-30T23:59+00:00,21EUR,new,published,,,,,,,
1607493068810_216652,"Kruunun krouvari Arctia OY:n vaiheita 1935-1985","Kruunun krouvari Arctia OY:n vaiheita 1935-1985",https://res.cloudinary.com/dolyfnals/images/v1607493088/nnk401/nnk401.jpg,https://dev1.kirjapino.fi/product/kruunun-krouvari-arctia-oyn-vaiheita-1935-1985/,"Yritys- ja järjestöhistoriikit","kirjapino.fi",13EUR,in stock,1607493068810_216652,,,1970-01-29T00:00+00:00/1970-01-30T23:59+00:00,13EUR,new,published,,,,,,,
1607493051496_216650,"Eteläkarjalainen marttatoiminta 1899-1952","Eteläkarjalainen marttatoiminta 1899-1952",https://res.cloudinary.com/dolyfnals/images/v1607493063/nnk309/nnk309.jpg,https://dev1.kirjapino.fi/product/etelakarjalainen-marttatoiminta-1899-1952/,"Yritys- ja järjestöhistoriikit","kirjapino.fi",17EUR,in stock,1607493051496_216650,,,1970-01-29T00:00+00:00/1970-01-30T23:59+00:00,17EUR,new,published,,,,,,,
1607493037030_216648,"Maidon tie Valio ja osuusmeijerijärjestö 1905-1980","Maidon tie Valio ja osuusmeijerijärjestö 1905-1980",https://res.cloudinary.com/dolyfnals/images/v1607493048/nnk294/nnk294.jpg,https://dev1.kirjapino.fi/product/maidon-tie-valio-ja-osuusmeijerijarjesto-1905-1980/,"Yritys- ja järjestöhistoriikit","kirjapino.fi",20EUR,in stock,1607493037030_216648,,,1970-01-29T00:00+00:00/1970-01-30T23:59+00:00,20EUR,new,published,,,,,,,
1607493017018_216646,"Kaikuja Hämeestä Hämäläis-osakunnan 350-vuotisjuhlakirja","Kaikuja Hämeestä Hämäläis-osakunnan 350-vuotisjuhlakirja",https://res.cloudinary.com/dolyfnals/images/v1607493035/nnk280/nnk280.jpg,https://dev1.kirjapino.fi/product/kaikuja-hameesta-hamalais-osakunnan-350-vuotisjuhlakirja-2/,"Yritys- ja järjestöhistoriikit","kirjapino.fi",17EUR,in stock,1607493017018_216646,,,1970-01-29T00:00+00:00/1970-01-30T23:59+00:00,17EUR,new,published,,,,,,,
1607493000852_216644,"Yhteistuumin opiskelijain terveydeksi YTHS:n Turun terveydenhoitoaseman elävä historia 1956-2006","Yhteistuumin opiskelijain terveydeksi YTHS:n Turun terveydenhoitoaseman elävä historia 1956-2006",https://res.cloudinary.com/dolyfnals/images/v1607493024/nnk272/nnk272.jpg,https://dev1.kirjapino.fi/product/yhteistuumin-opiskelijain-terveydeksi-ythsn-turun-terveydenhoitoaseman-elava-historia-1956-2006/,"Yritys- ja järjestöhistoriikit","kirjapino.fi",15EUR,in stock,1607493000852_216644,,,1970-01-29T00:00+00:00/1970-01-30T23:59+00:00,15EUR,new,published,,,,,,,
1607492983919_216642,"Turun Yliopisto 1920-1939","Kansipaperit mukana.",https://res.cloudinary.com/dolyfnals/images/v1607492997/nnk271/nnk271.jpg,https://dev1.kirjapino.fi/product/turun-yliopisto-1920-1939/,"Yritys- ja järjestöhistoriikit","kirjapino.fi",15EUR,in stock,1607492983919_216642,,,1970-01-29T00:00+00:00/1970-01-30T23:59+00:00,15EUR,new,published,,,,,,,
1607492965642_216640,"Koulutarpeiden keskusliike Oy 1910-1960 50-vuotistaipaleen vaiheita sanoin ja kuvin","Koulutarpeiden keskusliike Oy 1910-1960 50-vuotistaipaleen vaiheita sanoin ja kuvin",https://res.cloudinary.com/dolyfnals/images/v1607492976/nnk263/nnk263.jpg,https://dev1.kirjapino.fi/product/koulutarpeiden-keskusliike-oy-1910-1960-50-vuotistaipaleen-vaiheita-sanoin-ja-kuvin/,"Yritys- ja järjestöhistoriikit","kirjapino.fi",13EUR,in stock,1607492965642_216640,,,1970-01-29T00:00+00:00/1970-01-30T23:59+00:00,13EUR,new,published,,,,,,,
1607492947626_216638,"Frakkeja ja villapaitoja Suomen Ylioppilaskuntien liitto 75 vuotta","Frakkeja ja villapaitoja Suomen Ylioppilaskuntien liitto 75 vuotta",https://res.cloudinary.com/dolyfnals/images/v1607492965/nnk261/nnk261.jpg,https://dev1.kirjapino.fi/product/frakkeja-ja-villapaitoja-suomen-ylioppilaskuntien-liitto-75-vuotta/,"Yritys- ja järjestöhistoriikit","kirjapino.fi",13EUR,in stock,1607492947626_216638,,,1970-01-29T00:00+00:00/1970-01-30T23:59+00:00,13EUR,new,published,,,,,,,
1607492929906_216636,"Herraskartanon vanhan tehtaan historia Teijon tehtaat 1686 - 1936","Herraskartanon vanhan tehtaan historia Teijon tehtaat 1686 - 1936",https://res.cloudinary.com/dolyfnals/images/v1607492943/nnk116/nnk116.jpg,https://dev1.kirjapino.fi/product/herraskartanon-vanhan-tehtaan-historia-teijon-tehtaat-1686-1936/,"Yritys- ja järjestöhistoriikit","kirjapino.fi",30EUR,in stock,1607492929906_216636,,,1970-01-29T00:00+00:00/1970-01-30T23:59+00:00,30EUR,new,published,,,,,,,
1607492912376_216634,"Suomen pyhäkoulun historia","Suomen pyhäkoulun historia",https://res.cloudinary.com/dolyfnals/images/v1607492928/nnj796/nnj796.jpg,https://dev1.kirjapino.fi/product/suomen-pyhakoulun-historia/,"Yritys- ja järjestöhistoriikit","kirjapino.fi",15EUR,in stock,1607492912376_216634,,,1970-01-29T00:00+00:00/1970-01-30T23:59+00:00,15EUR,new,published,,,,,,,
1607492895736_216632,"Suomen kansanopisto 1889 - 1979","Suomen kansanopisto 1889 - 1979",https://res.cloudinary.com/dolyfnals/images/v1607492911/1193_swu663_201641619174/1193_swu663_201641619174.jpg,https://dev1.kirjapino.fi/product/suomen-kansanopisto-1889-1979/,"Yritys- ja järjestöhistoriikit","kirjapino.fi",13EUR,in stock,1607492895736_216632,,,1970-01-29T00:00+00:00/1970-01-30T23:59+00:00,13EUR,new,published,,,,,,,
1607492880838_216630,"Fazer 100","Fazer 100",https://res.cloudinary.com/dolyfnals/images/v1607492902/nnj682/nnj682.jpg,https://dev1.kirjapino.fi/product/fazer-100-2/,"Yritys- ja järjestöhistoriikit","kirjapino.fi",13EUR,in stock,1607492880838_216630,,,1970-01-29T00:00+00:00/1970-01-30T23:59+00:00,13EUR,new,published,,,,,,,
1607492866422_216628,"Kyminlaakson Lääkäriseura 1909-1959","Kyminlaakson Lääkäriseura 1909-1959",https://res.cloudinary.com/dolyfnals/images/v1607492876/1193_swu872_2016419143449/1193_swu872_2016419143449.jpg,https://dev1.kirjapino.fi/product/kyminlaakson-laakariseura-1909-1959/,"Yritys- ja järjestöhistoriikit","kirjapino.fi",13EUR,in stock,1607492866422_216628,,,1970-01-29T00:00+00:00/1970-01-30T23:59+00:00,13EUR,new,published,,,,,,,
1607492849440_216626,"Jyvä, joka iti Raision Yhtymän tarina 1939-1989","Jyvä, joka iti Raision Yhtymän tarina 1939-1989",https://res.cloudinary.com/dolyfnals/images/v1607492865/1193_swu366_201644183411/1193_swu366_201644183411.jpg,https://dev1.kirjapino.fi/product/jyva-joka-iti-raision-yhtyman-tarina-1939-1989/,"Yritys- ja järjestöhistoriikit","kirjapino.fi",13EUR,in stock,1607492849440_216626,,,1970-01-29T00:00+00:00/1970-01-30T23:59+00:00,13EUR,new,published,,,,,,,
1607492838062_216624,"Puoli vuosisataa elintarviketeollisuutta II  Huhtamäki-Yhtymän ja siihen liitettyjen tehtaiden vaiheita vuosina 1945-50","Mukana Huhtamäki-Yhtymä Oy:n liitekirje",https://res.cloudinary.com/dolyfnals/images/v1607492864/1193_swu373_20164418407/1193_swu373_20164418407.jpg,https://dev1.kirjapino.fi/product/puoli-vuosisataa-elintarviketeollisuutta-ii-huhtamaki-yhtyman-ja-siihen-liitettyjen-tehtaiden-vaiheita-vuosina-1945-50/,"Yritys- ja järjestöhistoriikit","kirjapino.fi",13EUR,in stock,1607492838062_216624,,,1970-01-29T00:00+00:00/1970-01-30T23:59+00:00,13EUR,new,published,,,,,,,
1607492826786_216622,"Hotelli- ja Ravintolahenkilökunnan Liitto HRHL ry:n Helsingin os. 16 ry:n 50-vuotishistoriikki","Hotelli- ja Ravintolahenkilökunnan Liitto HRHL ry:n Helsingin os. 16 ry:n 50-vuotishistoriikki",https://res.cloudinary.com/dolyfnals/images/v1607492842/1193_swu389_201644185122/1193_swu389_201644185122.jpg,https://dev1.kirjapino.fi/product/hotelli-ja-ravintolahenkilokunnan-liitto-hrhl-ryn-helsingin-os-16-ryn-50-vuotishistoriikki/,"Yritys- ja järjestöhistoriikit","kirjapino.fi",10EUR,in stock,1607492826786_216622,,,1970-01-29T00:00+00:00/1970-01-30T23:59+00:00,10EUR,new,published,,,,,,,
1607492812751_216620,"Tietoliikenne yhdistää - Telekommunikationerna förenar  O/Y L M Ericsson A/B 1918 - 1968","Tietoliikenne yhdistää - Telekommunikationerna förenar  O/Y L M Ericsson A/B 1918 - 1968",https://res.cloudinary.com/dolyfnals/images/v1607492824/1193_swu110_20164311414/1193_swu110_20164311414.jpg,https://dev1.kirjapino.fi/product/tietoliikenne-yhdistaa-telekommunikationerna-forenar-o-y-l-m-ericsson-a-b-1918-1968/,"Yritys- ja järjestöhistoriikit","kirjapino.fi",11EUR,in stock,1607492812751_216620,,,1970-01-29T00:00+00:00/1970-01-30T23:59+00:00,11EUR,new,published,,,,,,,
1607492801770_216618,"Hienoston salongeista takametsiin Suomen Bridgeliiton historia 1936-1996","Hienoston salongeista takametsiin Suomen Bridgeliiton historia 1936-1996",https://res.cloudinary.com/dolyfnals/images/v1607492817/salovaara773/salovaara773.jpg,https://dev1.kirjapino.fi/product/hienoston-salongeista-takametsiin-suomen-bridgeliiton-historia-1936-1996-2/,"Yritys- ja järjestöhistoriikit","kirjapino.fi",13EUR,in stock,1607492801770_216618,,,1970-01-29T00:00+00:00/1970-01-30T23:59+00:00,13EUR,new,published,,,,,,,
1607492788348_216616,"KTK-toiminnan vuosikymmeniltä","KTK-toiminnan vuosikymmeniltä",https://res.cloudinary.com/dolyfnals/images/v1607492807/1193_antkvaari329_2016418195559/1193_antkvaari329_2016418195559.jpg,https://dev1.kirjapino.fi/product/ktk-toiminnan-vuosikymmenilta/,"Yritys- ja järjestöhistoriikit","kirjapino.fi",13EUR,in stock,1607492788348_216616,,,1970-01-29T00:00+00:00/1970-01-30T23:59+00:00,13EUR,new,published,,,,,,,
1607492776058_216614,"Kriminaaliklubi 1920- 990","Etukannen sisäpuolella aiemman omistajan nimi.",https://res.cloudinary.com/dolyfnals/images/v1607492788/1193_antkvaari687_2016416175658/1193_antkvaari687_2016416175658.jpg,https://dev1.kirjapino.fi/product/kriminaaliklubi-1920-990/,"Yritys- ja järjestöhistoriikit","kirjapino.fi",11EUR,in stock,1607492776058_216614,,,1970-01-29T00:00+00:00/1970-01-30T23:59+00:00,11EUR,new,published,,,,,,,
1607492764850_216612,"Helsingin rakennusmestarit - Juhlavuosi 1996","Helsingin rakennusmestarit - Juhlavuosi 1996",https://res.cloudinary.com/dolyfnals/images/v1607492786/1193_swu376_20164418437/1193_swu376_20164418437.jpg,https://dev1.kirjapino.fi/product/helsingin-rakennusmestarit-juhlavuosi-1996/,"Yritys- ja järjestöhistoriikit","kirjapino.fi",15EUR,in stock,1607492764850_216612,,,1970-01-29T00:00+00:00/1970-01-30T23:59+00:00,15EUR,new,published,,,,,,,
1607492726771_216610,"Helsingin Faktoriklubi 75 vuotias 1905-1980","Helsingin Faktoriklubi 75 vuotias 1905-1980",https://res.cloudinary.com/dolyfnals/images/v1607492748/1193_swu321_201644175716/1193_swu321_201644175716.jpg,https://dev1.kirjapino.fi/product/helsingin-faktoriklubi-75-vuotias-1905-1980/,"Yritys- ja järjestöhistoriikit","kirjapino.fi",15EUR,in stock,1607492726771_216610,,,1970-01-29T00:00+00:00/1970-01-30T23:59+00:00,15EUR,new,published,,,,,,,
1607492715176_216608,"Helsingin Suomalainen Säästöpankki 1901-1951.","Helsingin Suomalainen Säästöpankki 1901-1951.",https://res.cloudinary.com/dolyfnals/images/v1607492724/1193_swu314_201644174831/1193_swu314_201644174831.jpg,https://dev1.kirjapino.fi/product/helsingin-suomalainen-saastopankki-1901-1951/,"Yritys- ja järjestöhistoriikit","kirjapino.fi",17EUR,in stock,1607492715176_216608,,,1970-01-29T00:00+00:00/1970-01-30T23:59+00:00,17EUR,new,published,,,,,,,
1607492704171_216606,"Deutsche Schule Helsinki 1881 - 1981","Deutsche Schule Helsinki 1881 - 1981",https://res.cloudinary.com/dolyfnals/images/v1607492725/1193_swu115_201643114516/1193_swu115_201643114516.jpg,https://dev1.kirjapino.fi/product/deutsche-schule-helsinki-1881-1981/,"Yritys- ja järjestöhistoriikit","kirjapino.fi",17EUR,in stock,1607492704171_216606,,,1970-01-29T00:00+00:00/1970-01-30T23:59+00:00,17EUR,new,published,,,,,,,
1607492692841_216604,"Roudan aika Savo-Karjalaisen osakunnan historia III","Roudan aika Savo-Karjalaisen osakunnan historia III",https://res.cloudinary.com/dolyfnals/images/v1607492704/1193_swt662_2016326154934/1193_swt662_2016326154934.jpg,https://dev1.kirjapino.fi/product/roudan-aika-savo-karjalaisen-osakunnan-historia-iii/,"Yritys- ja järjestöhistoriikit","kirjapino.fi",21EUR,in stock,1607492692841_216604,,,1970-01-29T00:00+00:00/1970-01-30T23:59+00:00,21EUR,new,published,,,,,,,
1607492677232_216602,"Venäjä jättiläinen tuuliajolla","Venäjä jättiläinen tuuliajolla",https://res.cloudinary.com/dolyfnals/images/v1607492689/nnk807/nnk807.jpg,https://dev1.kirjapino.fi/product/venaja-jattilainen-tuuliajolla/,"Yhteiskunta, laki, politiikka","kirjapino.fi",12EUR,in stock,1607492677232_216602,,,1970-01-29T00:00+00:00/1970-01-30T23:59+00:00,12EUR,new,published,,,,,,,
1607492661045_216600,"Luonnotonta lastensaantia?","Luonnotonta lastensaantia?",https://res.cloudinary.com/dolyfnals/images/v1607492680/nnl342/nnl342.jpg,https://dev1.kirjapino.fi/product/luonnotonta-lastensaantia/,"Yhteiskunta, laki, politiikka","kirjapino.fi",12EUR,in stock,1607492661045_216600,,,1970-01-29T00:00+00:00/1970-01-30T23:59+00:00,12EUR,new,published,,,,,,,
1607492651192_216598,"Pyhän kirjan varjo","Pyhän kirjan varjo",https://res.cloudinary.com/dolyfnals/images/v1607492668/nnl328/nnl328.jpg,https://dev1.kirjapino.fi/product/pyhan-kirjan-varjo-2/,"Yhteiskunta, laki, politiikka","kirjapino.fi",13EUR,in stock,1607492651192_216598,,,1970-01-29T00:00+00:00/1970-01-30T23:59+00:00,13EUR,new,published,,,,,,,
1607492639974_216596,"Kertomus Upseerien Ampumayhdistyksen toiminnasta 1941-1946","Kertomus Upseerien Ampumayhdistyksen toiminnasta 1941-1946",https://res.cloudinary.com/dolyfnals/images/v1607492669/nnl325/nnl325.jpg,https://dev1.kirjapino.fi/product/kertomus-upseerien-ampumayhdistyksen-toiminnasta-1941-1946/,"Yhteiskunta, laki, politiikka","kirjapino.fi",13EUR,in stock,1607492639974_216596,,,1970-01-29T00:00+00:00/1970-01-30T23:59+00:00,13EUR,new,published,,,,,,,
1607492628128_216594,"Ylioppilaitten vallankumous","Ylioppilaitten vallankumous",https://res.cloudinary.com/dolyfnals/images/v1607492637/nnl306/nnl306.jpg,https://dev1.kirjapino.fi/product/ylioppilaitten-vallankumous/,"Yhteiskunta, laki, politiikka","kirjapino.fi",11EUR,in stock,1607492628128_216594,,,1970-01-29T00:00+00:00/1970-01-30T23:59+00:00,11EUR,new,published,,,,,,,
1607492617411_216592,"Romanian unkarilaiset","Romanian unkarilaiset",https://res.cloudinary.com/dolyfnals/images/v1607492629/nnl295/nnl295.jpg,https://dev1.kirjapino.fi/product/romanian-unkarilaiset/,"Yhteiskunta, laki, politiikka","kirjapino.fi",13EUR,in stock,1607492617411_216592,,,1970-01-29T00:00+00:00/1970-01-30T23:59+00:00,13EUR,new,published,,,,,,,
1607492599589_216590,"Välähdyksiä Namibian itsenäistymisestä","Välähdyksiä Namibian itsenäistymisestä",https://res.cloudinary.com/dolyfnals/images/v1607492616/nnl276/nnl276.jpg,https://dev1.kirjapino.fi/product/valahdyksia-namibian-itsenaistymisesta/,"Yhteiskunta, laki, politiikka","kirjapino.fi",13EUR,in stock,1607492599589_216590,,,1970-01-29T00:00+00:00/1970-01-30T23:59+00:00,13EUR,new,published,,,,,,,
1607492584433_216588,"Venäläinen päiväkirja","Venäläinen päiväkirja",https://res.cloudinary.com/dolyfnals/images/v1607492602/nnl261/nnl261.jpg,https://dev1.kirjapino.fi/product/venalainen-paivakirja-2/,"Yhteiskunta, laki, politiikka","kirjapino.fi",13EUR,in stock,1607492584433_216588,,,1970-01-29T00:00+00:00/1970-01-30T23:59+00:00,13EUR,new,published,,,,,,,
1607492569030_216586,"Russia Lost or Found? Patterns and Trajectories","Russia Lost or Found? Patterns and Trajectories",https://res.cloudinary.com/dolyfnals/images/v1607492577/nnk860/nnk860.jpg,https://dev1.kirjapino.fi/product/russia-lost-or-found-patterns-and-trajectories-2/,"Yhteiskunta, laki, politiikka","kirjapino.fi",13EUR,in stock,1607492569030_216586,,,1970-01-29T00:00+00:00/1970-01-30T23:59+00:00,13EUR,new,published,,,,,,,
1607492554010_216584,"Venäjä Niin lähellä ja niin kaukana","Venäjä Niin lähellä ja niin kaukana",https://res.cloudinary.com/dolyfnals/images/v1607492568/nnk844/nnk844.jpg,https://dev1.kirjapino.fi/product/venaja-niin-lahella-ja-niin-kaukana-2/,"Yhteiskunta, laki, politiikka","kirjapino.fi",15EUR,in stock,1607492554010_216584,,,1970-01-29T00:00+00:00/1970-01-30T23:59+00:00,15EUR,new,published,,,,,,,
1607492541086_216582,"Toinen Tshetshenian sota","Toinen Tshetshenian sota",https://res.cloudinary.com/dolyfnals/images/v1607492569/nnk833/nnk833.jpg,https://dev1.kirjapino.fi/product/toinen-tshetshenian-sota-2/,"Yhteiskunta, laki, politiikka","kirjapino.fi",13EUR,in stock,1607492541086_216582,,,1970-01-29T00:00+00:00/1970-01-30T23:59+00:00,13EUR,new,published,,,,,,,
1607492527990_216580,"Turvallisuus on oven avaamista Tarinoita nuorille diplomaateille","Tekijän omiste.",https://res.cloudinary.com/dolyfnals/images/v1607492541/nnk829/nnk829.jpg,https://dev1.kirjapino.fi/product/turvallisuus-on-oven-avaamista-tarinoita-nuorille-diplomaateille-2/,"Yhteiskunta, laki, politiikka","kirjapino.fi",15EUR,in stock,1607492527990_216580,,,1970-01-29T00:00+00:00/1970-01-30T23:59+00:00,15EUR,new,published,,,,,,,
1607492512698_216578,"Ovatko kaikki keskiluokkaa Tutkimus suomalaisista toimihenkilöistä 60-80-luvuilla","Ovatko kaikki keskiluokkaa Tutkimus suomalaisista toimihenkilöistä 60-80-luvuilla",https://res.cloudinary.com/dolyfnals/images/v1607492524/nnk827/nnk827.jpg,https://dev1.kirjapino.fi/product/ovatko-kaikki-keskiluokkaa-tutkimus-suomalaisista-toimihenkiloista-60-80-luvuilla/,"Yhteiskunta, laki, politiikka","kirjapino.fi",15EUR,in stock,1607492512698_216578,,,1970-01-29T00:00+00:00/1970-01-30T23:59+00:00,15EUR,new,published,,,,,,,
1607492498676_216576,"Pietarin tie jatkuu","Tekijän omiste.",https://res.cloudinary.com/dolyfnals/images/v1607492510/nnk826/nnk826.jpg,https://dev1.kirjapino.fi/product/pietarin-tie-jatkuu/,"Yhteiskunta, laki, politiikka","kirjapino.fi",17EUR,in stock,1607492498676_216576,,,1970-01-29T00:00+00:00/1970-01-30T23:59+00:00,17EUR,new,published,,,,,,,
1607492481302_216574,"Venäjä ja rosvokapitalismin haaksirikko","Venäjä ja rosvokapitalismin haaksirikko",https://res.cloudinary.com/dolyfnals/images/v1607492496/nnk808/nnk808.jpg,https://dev1.kirjapino.fi/product/venaja-ja-rosvokapitalismin-haaksirikko-3/,"Yhteiskunta, laki, politiikka","kirjapino.fi",11EUR,in stock,1607492481302_216574,,,1970-01-29T00:00+00:00/1970-01-30T23:59+00:00,11EUR,new,published,,,,,,,
1607492467016_216572,"Plan Putina Punaiselta torilta Maidanin aukioille","Plan Putina Punaiselta torilta Maidanin aukioille",https://res.cloudinary.com/dolyfnals/images/v1607492490/nnk805/nnk805.jpg,https://dev1.kirjapino.fi/product/plan-putina-punaiselta-torilta-maidanin-aukioille/,"Yhteiskunta, laki, politiikka","kirjapino.fi",15EUR,in stock,1607492467016_216572,,,1970-01-29T00:00+00:00/1970-01-30T23:59+00:00,15EUR,new,published,,,,,,,
1607492455039_216570,"NKP(b):n keskuskomitean toimintaselostus puolueen XIX edustajakokoukselle","NKP(b):n keskuskomitean toimintaselostus puolueen XIX edustajakokoukselle",https://res.cloudinary.com/dolyfnals/images/v1607492465/nnk759/nnk759.jpg,https://dev1.kirjapino.fi/product/nkpbn-keskuskomitean-toimintaselostus-puolueen-xix-edustajakokoukselle/,"Yhteiskunta, laki, politiikka","kirjapino.fi",13EUR,in stock,1607492455039_216570,,,1970-01-29T00:00+00:00/1970-01-30T23:59+00:00,13EUR,new,published,,,,,,,
1607492442355_216568,"Muistelmia Leninistä + Leninin elämänvaiheet","Kaksoiskirja.",https://res.cloudinary.com/dolyfnals/images/v1607492457/nnk758/nnk758.jpg,https://dev1.kirjapino.fi/product/muistelmia-leninista-leninin-elamanvaiheet/,"Yhteiskunta, laki, politiikka","kirjapino.fi",13EUR,in stock,1607492442355_216568,,,1970-01-29T00:00+00:00/1970-01-30T23:59+00:00,13EUR,new,published,,,,,,,
1607492428357_216566,"Yhtenäisyyden ja taistelun strategia","Yhtenäisyyden ja taistelun strategia",https://res.cloudinary.com/dolyfnals/images/v1607492450/nnk757/nnk757.jpg,https://dev1.kirjapino.fi/product/yhtenaisyyden-ja-taistelun-strategia/,"Yhteiskunta, laki, politiikka","kirjapino.fi",11EUR,in stock,1607492428357_216566,,,1970-01-29T00:00+00:00/1970-01-30T23:59+00:00,11EUR,new,published,,,,,,,
1607492415554_216564,"Kommunistit Neuvostoliitossa Ideologinen perusta, rakenne, kansa ja puolue","Kommunistit Neuvostoliitossa Ideologinen perusta, rakenne, kansa ja puolue",https://res.cloudinary.com/dolyfnals/images/v1607492451/nnk756/nnk756.jpg,https://dev1.kirjapino.fi/product/kommunistit-neuvostoliitossa-ideologinen-perusta-rakenne-kansa-ja-puolue/,"Yhteiskunta, laki, politiikka","kirjapino.fi",11EUR,in stock,1607492415554_216564,,,1970-01-29T00:00+00:00/1970-01-30T23:59+00:00,11EUR,new,published,,,,,,,
1607492396038_216562,"NKP:n keskuskomitean toimintaselostus ja puolueen lähimmät tehtävät sisä- ja ulkopolitiikan alalta","NKP:n keskuskomitean toimintaselostus ja puolueen lähimmät tehtävät sisä- ja ulkopolitiikan alalta",https://res.cloudinary.com/dolyfnals/images/v1607492405/nnk755/nnk755.jpg,https://dev1.kirjapino.fi/product/nkpn-keskuskomitean-toimintaselostus-ja-puolueen-lahimmat-tehtavat-sisa-ja-ulkopolitiikan-alalta/,"Yhteiskunta, laki, politiikka","kirjapino.fi",11EUR,in stock,1607492396038_216562,,,1970-01-29T00:00+00:00/1970-01-30T23:59+00:00,11EUR,new,published,,,,,,,
1607492382619_216560,"NKP:n keskuskomitean toimintaselostus ja puolueen tulevat tehtävät sisä- ja ulkopolitiikan alalta","NKP:n keskuskomitean toimintaselostus ja puolueen tulevat tehtävät sisä- ja ulkopolitiikan alalta",https://res.cloudinary.com/dolyfnals/images/v1607492395/nnk754/nnk754.jpg,https://dev1.kirjapino.fi/product/nkpn-keskuskomitean-toimintaselostus-ja-puolueen-tulevat-tehtavat-sisa-ja-ulkopolitiikan-alalta/,"Yhteiskunta, laki, politiikka","kirjapino.fi",11EUR,in stock,1607492382619_216560,,,1970-01-29T00:00+00:00/1970-01-30T23:59+00:00,11EUR,new,published,,,,,,,
1607492371245_216558,"Yhteiskunta ja vallankumous","Yhteiskunta ja vallankumous",https://res.cloudinary.com/dolyfnals/images/v1607492390/nnk753/nnk753.jpg,https://dev1.kirjapino.fi/product/yhteiskunta-ja-vallankumous/,"Yhteiskunta, laki, politiikka","kirjapino.fi",10EUR,in stock,1607492371245_216558,,,1970-01-29T00:00+00:00/1970-01-30T23:59+00:00,10EUR,new,published,,,,,,,
1607492359263_216556,"Karl Marx - työväenluokan nerokas opettaja ja johtaja","Karl Marx - työväenluokan nerokas opettaja ja johtaja",https://res.cloudinary.com/dolyfnals/images/v1607492375/nnk752/nnk752.jpg,https://dev1.kirjapino.fi/product/karl-marx-tyovaenluokan-nerokas-opettaja-ja-johtaja/,"Yhteiskunta, laki, politiikka","kirjapino.fi",10EUR,in stock,1607492359263_216556,,,1970-01-29T00:00+00:00/1970-01-30T23:59+00:00,10EUR,new,published,,,,,,,
1607492349828_216554,"Suomi matkalla tulevaisuuteen","Suomi matkalla tulevaisuuteen",https://res.cloudinary.com/dolyfnals/images/v1607492365/nnk725/nnk725.jpg,https://dev1.kirjapino.fi/product/suomi-matkalla-tulevaisuuteen/,"Yhteiskunta, laki, politiikka","kirjapino.fi",13EUR,in stock,1607492349828_216554,,,1970-01-29T00:00+00:00/1970-01-30T23:59+00:00,13EUR,new,published,,,,,,,
1607492337979_216552,"Järjestäytynyt rikollisuus","Järjestäytynyt rikollisuus",https://res.cloudinary.com/dolyfnals/images/v1607492365/nnk440/nnk440.jpg,https://dev1.kirjapino.fi/product/jarjestaytynyt-rikollisuus-2/,"Yhteiskunta, laki, politiikka","kirjapino.fi",15EUR,in stock,1607492337979_216552,,,1970-01-29T00:00+00:00/1970-01-30T23:59+00:00,15EUR,new,published,,,,,,,
1607492325390_216550,"Lain nojalla ja kansan tuella Moments of Finnish Justice in the 1970's","Lain nojalla ja kansan tuella Moments of Finnish Justice in the 1970's",https://res.cloudinary.com/dolyfnals/images/v1607492338/nnk427/nnk427.jpg,https://dev1.kirjapino.fi/product/lain-nojalla-ja-kansan-tuella-moments-of-finnish-justice-in-the-1970s/,"Yhteiskunta, laki, politiikka","kirjapino.fi",15EUR,in stock,1607492325390_216550,,,1970-01-29T00:00+00:00/1970-01-30T23:59+00:00,15EUR,new,published,,,,,,,
1607492314371_216548,"Lukuisa Suomi","Lukuisa Suomi",https://res.cloudinary.com/dolyfnals/images/v1607492328/nnk259/nnk259.jpg,https://dev1.kirjapino.fi/product/lukuisa-suomi/,"Yhteiskunta, laki, politiikka","kirjapino.fi",13EUR,in stock,1607492314371_216548,,,1970-01-29T00:00+00:00/1970-01-30T23:59+00:00,13EUR,new,published,,,,,,,
1607492295196_216546,"Toiminimi Suomen oikeuden mukaan I","Tekijän omiste.",https://res.cloudinary.com/dolyfnals/images/v1607492312/nnk258/nnk258.jpg,https://dev1.kirjapino.fi/product/toiminimi-suomen-oikeuden-mukaan-i/,"Yhteiskunta, laki, politiikka","kirjapino.fi",13EUR,in stock,1607492295196_216546,,,1970-01-29T00:00+00:00/1970-01-30T23:59+00:00,13EUR,new,published,,,,,,,
1607492283477_216544,"Ennakkoluuloista teollisessa organisaatiossa","Ennakkoluuloista teollisessa organisaatiossa",https://res.cloudinary.com/dolyfnals/images/v1607492302/nnk223/nnk223.jpg,https://dev1.kirjapino.fi/product/ennakkoluuloista-teollisessa-organisaatiossa-2/,"Yhteiskunta, laki, politiikka","kirjapino.fi",13EUR,in stock,1607492283477_216544,,,1970-01-29T00:00+00:00/1970-01-30T23:59+00:00,13EUR,new,published,,,,,,,
1607492267983_216542,"Valtiojärjestyksemme oikeudelliset perusteet","Tekijän omiste.",https://res.cloudinary.com/dolyfnals/images/v1607492280/nnj793/nnj793.jpg,https://dev1.kirjapino.fi/product/valtiojarjestyksemme-oikeudelliset-perusteet/,"Yhteiskunta, laki, politiikka","kirjapino.fi",15EUR,in stock,1607492267983_216542,,,1970-01-29T00:00+00:00/1970-01-30T23:59+00:00,15EUR,new,published,,,,,,,
1607492254277_216540,"Merxin oppi köyhälistön elämänohjeena","Merxin oppi köyhälistön elämänohjeena",https://res.cloudinary.com/dolyfnals/images/v1607492268/nnj781/nnj781.jpg,https://dev1.kirjapino.fi/product/merxin-oppi-koyhaliston-elamanohjeena/,"Yhteiskunta, laki, politiikka","kirjapino.fi",11EUR,in stock,1607492254277_216540,,,1970-01-29T00:00+00:00/1970-01-30T23:59+00:00,11EUR,new,published,,,,,,,
1607492241139_216538,"Suomen tehtävästä - kansan ja naisen kautta","Suomen tehtävästä - kansan ja naisen kautta",https://res.cloudinary.com/dolyfnals/images/v1607492269/nnj774/nnj774.jpg,https://dev1.kirjapino.fi/product/suomen-tehtavasta-kansan-ja-naisen-kautta/,"Yhteiskunta, laki, politiikka","kirjapino.fi",15EUR,in stock,1607492241139_216538,,,1970-01-29T00:00+00:00/1970-01-30T23:59+00:00,15EUR,new,published,,,,,,,
1607492228567_216536,"Työväen tietokirja","Työväen tietokirja",https://res.cloudinary.com/dolyfnals/images/v1607492240/nnj725/nnj725.jpg,https://dev1.kirjapino.fi/product/tyovaen-tietokirja/,"Yhteiskunta, laki, politiikka","kirjapino.fi",12EUR,in stock,1607492228567_216536,,,1970-01-29T00:00+00:00/1970-01-30T23:59+00:00,12EUR,new,published,,,,,,,
1607492215112_216534,"Maapallo haaste","Maapallo haaste",https://res.cloudinary.com/dolyfnals/images/v1607492222/nnj629/nnj629.jpg,https://dev1.kirjapino.fi/product/maapallo-haaste/,"Yhteiskunta, laki, politiikka","kirjapino.fi",11EUR,in stock,1607492215112_216534,,,1970-01-29T00:00+00:00/1970-01-30T23:59+00:00,11EUR,new,published,,,,,,,
1607492198546_216532,"Euroopan kriisi 1987","Euroopan kriisi 1987",https://res.cloudinary.com/dolyfnals/images/v1607492210/nnj605/nnj605.jpg,https://dev1.kirjapino.fi/product/euroopan-kriisi-1987/,"Yhteiskunta, laki, politiikka","kirjapino.fi",11EUR,in stock,1607492198546_216532,,,1970-01-29T00:00+00:00/1970-01-30T23:59+00:00,11EUR,new,published,,,,,,,
1607492185481_216530,"Pakolaiskeskusteluja","Pakolaiskeskusteluja",https://res.cloudinary.com/dolyfnals/images/v1607492211/nnj586/nnj586.jpg,https://dev1.kirjapino.fi/product/pakolaiskeskusteluja/,"Yhteiskunta, laki, politiikka","kirjapino.fi",10EUR,in stock,1607492185481_216530,,,1970-01-29T00:00+00:00/1970-01-30T23:59+00:00,10EUR,new,published,,,,,,,
1607492173672_216528,"Medvedev - Venäjän isäntä vai Putinin renki?","Medvedev - Venäjän isäntä vai Putinin renki?",https://res.cloudinary.com/dolyfnals/images/v1607492185/nnj392/nnj392.jpg,https://dev1.kirjapino.fi/product/medvedev-venajan-isanta-vai-putinin-renki-2/,"Yhteiskunta, laki, politiikka","kirjapino.fi",11EUR,in stock,1607492173672_216528,,,1970-01-29T00:00+00:00/1970-01-30T23:59+00:00,11EUR,new,published,,,,,,,
1607492157506_216526,"Omerta - vaikenemisen laki","Omerta - vaikenemisen laki",https://res.cloudinary.com/dolyfnals/images/v1607492186/nnj357/nnj357.jpg,https://dev1.kirjapino.fi/product/omerta-vaikenemisen-laki-3/,"Yhteiskunta, laki, politiikka","kirjapino.fi",13EUR,in stock,1607492157506_216526,,,1970-01-29T00:00+00:00/1970-01-30T23:59+00:00,13EUR,new,published,,,,,,,
1607492130001_216524,"Asetus maalaiskuntain kunnallishallinnosta selityksillä varustettuna.","Asetus maalaiskuntain kunnallishallinnosta selityksillä varustettuna.",https://res.cloudinary.com/dolyfnals/images/v1607492149/1193_swu129_20164311580/1193_swu129_20164311580.jpg,https://dev1.kirjapino.fi/product/asetus-maalaiskuntain-kunnallishallinnosta-selityksilla-varustettuna/,"Yhteiskunta, laki, politiikka","kirjapino.fi",20EUR,in stock,1607492130001_216524,,,1970-01-29T00:00+00:00/1970-01-30T23:59+00:00,20EUR,new,published,,,,,,,
1607492116708_216522,"Rajat riistolle Kohti työntekijöiden globaaleja perusoikeuksia","Rajat riistolle Kohti työntekijöiden globaaleja perusoikeuksia",https://res.cloudinary.com/dolyfnals/images/v1607492148/1193_006_201475213219/1193_006_201475213219.jpg,https://dev1.kirjapino.fi/product/rajat-riistolle-kohti-tyontekijoiden-globaaleja-perusoikeuksia/,"Yhteiskunta, laki, politiikka","kirjapino.fi",13EUR,in stock,1607492116708_216522,,,1970-01-29T00:00+00:00/1970-01-30T23:59+00:00,13EUR,new,published,,,,,,,
1607492106664_216520,"Kremlin kellokkaat","Kremlin kellokkaat",https://res.cloudinary.com/dolyfnals/images/v1607492123/nnj336/nnj336.jpg,https://dev1.kirjapino.fi/product/kremlin-kellokkaat/,"Yhteiskunta, laki, politiikka","kirjapino.fi",10EUR,in stock,1607492106664_216520,,,1970-01-29T00:00+00:00/1970-01-30T23:59+00:00,10EUR,new,published,,,,,,,
1607492093909_216518,"Anoncit ja julistukset Piirteitä sanomalehti-ilmoittelumme alkuvaiheista","Tekijän omiste.",https://res.cloudinary.com/dolyfnals/images/v1607492105/1193_swt650_2016326153956/1193_swt650_2016326153956.jpg,https://dev1.kirjapino.fi/product/anoncit-ja-julistukset-piirteita-sanomalehti-ilmoittelumme-alkuvaiheista/,"Yhteiskunta, laki, politiikka","kirjapino.fi",11EUR,in stock,1607492093909_216518,,,1970-01-29T00:00+00:00/1970-01-30T23:59+00:00,11EUR,new,published,,,,,,,
1607492083807_216516,"Edustajanvaaleja ja tasavallan presidentin vaalia koskevat lait 1944 - Mukana liite","Edustajanvaaleja ja tasavallan presidentin vaalia koskevat lait 1944 - Mukana liite",https://res.cloudinary.com/dolyfnals/images/v1607492097/1193_swt856_201633115255/1193_swt856_201633115255.jpg,https://dev1.kirjapino.fi/product/edustajanvaaleja-ja-tasavallan-presidentin-vaalia-koskevat-lait-1944-mukana-liite/,"Yhteiskunta, laki, politiikka","kirjapino.fi",11EUR,in stock,1607492083807_216516,,,1970-01-29T00:00+00:00/1970-01-30T23:59+00:00,11EUR,new,published,,,,,,,
1607492073151_216514,"Valmistava tutkinta rikosasioissa","Valmistava tutkinta rikosasioissa",https://res.cloudinary.com/dolyfnals/images/v1607492090/1193_swu488_201649182156/1193_swu488_201649182156.jpg,https://dev1.kirjapino.fi/product/valmistava-tutkinta-rikosasioissa/,"Yhteiskunta, laki, politiikka","kirjapino.fi",15EUR,in stock,1607492073151_216514,,,1970-01-29T00:00+00:00/1970-01-30T23:59+00:00,15EUR,new,published,,,,,,,
1607492062584_216512,"Euroopan puolustus","Nimisivun yläreunassa aiemman omistajan nimi.",https://res.cloudinary.com/dolyfnals/images/v1607492074/Hagglund_Euroopan_puolustus/Hagglund_Euroopan_puolustus.jpg,https://dev1.kirjapino.fi/product/euroopan-puolustus-2/,"Yhteiskunta, laki, politiikka","kirjapino.fi",10EUR,in stock,1607492062584_216512,,,1970-01-29T00:00+00:00/1970-01-30T23:59+00:00,10EUR,new,published,,,,,,,
1607492053091_216510,"Kansainvälisiä kysymyksiä","Kansainvälisiä kysymyksiä",https://res.cloudinary.com/dolyfnals/images/v1607492065/nnj228/nnj228.jpg,https://dev1.kirjapino.fi/product/kansainvalisia-kysymyksia-2/,"Yhteiskunta, laki, politiikka","kirjapino.fi",11EUR,in stock,1607492053091_216510,,,1970-01-29T00:00+00:00/1970-01-30T23:59+00:00,11EUR,new,published,,,,,,,
1607492044809_216508,"Minne troikka rientää? Millainen on Venäjän tie?","Nimisivun yläreunassa aiemman omistajan nimi.",https://res.cloudinary.com/dolyfnals/images/v1607492065/nnj219/nnj219.jpg,https://dev1.kirjapino.fi/product/minne-troikka-rientaa-millainen-on-venajan-tie/,"Yhteiskunta, laki, politiikka","kirjapino.fi",11EUR,in stock,1607492044809_216508,,,1970-01-29T00:00+00:00/1970-01-30T23:59+00:00,11EUR,new,published,,,,,,,
1607492019135_216506,"Euroopan vuosisata alkaa","Euroopan vuosisata alkaa",https://res.cloudinary.com/dolyfnals/images/v1607492029/1193_swu846_201641914179/1193_swu846_201641914179.jpg,https://dev1.kirjapino.fi/product/euroopan-vuosisata-alkaa/,"Yhteiskunta, laki, politiikka","kirjapino.fi",11EUR,in stock,1607492019135_216506,,,1970-01-29T00:00+00:00/1970-01-30T23:59+00:00,11EUR,new,published,,,,,,,
1607492008444_216504,"Näkymätön Venäjä. Kirjoituksia Pietarista.","Näkymätön Venäjä. Kirjoituksia Pietarista.",https://res.cloudinary.com/dolyfnals/images/v1607492030/1193_swu836_2016419141159/1193_swu836_2016419141159.jpg,https://dev1.kirjapino.fi/product/nakymaton-venaja-kirjoituksia-pietarista/,"Yhteiskunta, laki, politiikka","kirjapino.fi",17EUR,in stock,1607492008444_216504,,,1970-01-29T00:00+00:00/1970-01-30T23:59+00:00,17EUR,new,published,,,,,,,
1607491995521_216502,"Miten jatkamme Paasikiven-Kekkosen linjaa","Miten jatkamme Paasikiven-Kekkosen linjaa",https://res.cloudinary.com/dolyfnals/images/v1607492011/1193_swu592_2016416152415/1193_swu592_2016416152415.jpg,https://dev1.kirjapino.fi/product/miten-jatkamme-paasikiven-kekkosen-linjaa/,"Yhteiskunta, laki, politiikka","kirjapino.fi",11EUR,in stock,1607491995521_216502,,,1970-01-29T00:00+00:00/1970-01-30T23:59+00:00,11EUR,new,published,,,,,,,
1607491982844_216500,"Kekkosen valtakaudesta Koiviston aikaan","Junnilan signeeraus.",https://res.cloudinary.com/dolyfnals/images/v1607492005/1193_swu559_2016416134028/1193_swu559_2016416134028.jpg,https://dev1.kirjapino.fi/product/kekkosen-valtakaudesta-koiviston-aikaan/,"Yhteiskunta, laki, politiikka","kirjapino.fi",13EUR,in stock,1607491982844_216500,,,1970-01-29T00:00+00:00/1970-01-30T23:59+00:00,13EUR,new,published,,,,,,,
1607491935281_216498,"... ja katto korkealla SDP","... ja katto korkealla SDP",https://res.cloudinary.com/dolyfnals/images/v1607491955/1193_swu543_2016416132921/1193_swu543_2016416132921.jpg,https://dev1.kirjapino.fi/product/ja-katto-korkealla-sdp/,"Yhteiskunta, laki, politiikka","kirjapino.fi",10EUR,in stock,1607491935281_216498,,,1970-01-29T00:00+00:00/1970-01-30T23:59+00:00,10EUR,new,published,,,,,,,
1607491917562_216496,"Katse Neuvostoliittoon Neuvostoliiton-tutkimus sekä Suomen ja Neuvostoliiton yhteistyön muotoja","Katse Neuvostoliittoon Neuvostoliiton-tutkimus sekä Suomen ja Neuvostoliiton yhteistyön muotoja",https://res.cloudinary.com/dolyfnals/images/v1607491944/1193_swu540_2016416132733/1193_swu540_2016416132733.jpg,https://dev1.kirjapino.fi/product/katse-neuvostoliittoon-neuvostoliiton-tutkimus-seka-suomen-ja-neuvostoliiton-yhteistyon-muotoja/,"Yhteiskunta, laki, politiikka","kirjapino.fi",10EUR,in stock,1607491917562_216496,,,1970-01-29T00:00+00:00/1970-01-30T23:59+00:00,10EUR,new,published,,,,,,,
1607491899750_216494,"Sotilassaappaan alla Kreikkalaisen näytelmäkirjailijan omakohtainen raportti poliittisten vankien kidutuksista Kreikassa.","Sotilassaappaan alla Kreikkalaisen näytelmäkirjailijan omakohtainen raportti poliittisten vankien kidutuksista Kreikassa.",https://res.cloudinary.com/dolyfnals/images/v1607491910/1193_swu530_2016416131646/1193_swu530_2016416131646.jpg,https://dev1.kirjapino.fi/product/sotilassaappaan-alla-kreikkalaisen-naytelmakirjailijan-omakohtainen-raportti-poliittisten-vankien-kidutuksista-kreikassa/,"Yhteiskunta, laki, politiikka","kirjapino.fi",10EUR,in stock,1607491899750_216494,,,1970-01-29T00:00+00:00/1970-01-30T23:59+00:00,10EUR,new,published,,,,,,,
1607491883785_216492,"Kansallinen julkisivu keskustelun kohteena","Ketosen omiste.",https://res.cloudinary.com/dolyfnals/images/v1607491911/1193_swu514_201641613445/1193_swu514_201641613445.jpg,https://dev1.kirjapino.fi/product/kansallinen-julkisivu-keskustelun-kohteena/,"Yhteiskunta, laki, politiikka","kirjapino.fi",13EUR,in stock,1607491883785_216492,,,1970-01-29T00:00+00:00/1970-01-30T23:59+00:00,13EUR,new,published,,,,,,,
1607491866671_216490,"Linjan vetoa","Linjan vetoa",https://res.cloudinary.com/dolyfnals/images/v1607491883/1193_antkvaari343_201641012412/1193_antkvaari343_201641012412.jpg,https://dev1.kirjapino.fi/product/linjan-vetoa/,"Yhteiskunta, laki, politiikka","kirjapino.fi",10EUR,in stock,1607491866671_216490,,,1970-01-29T00:00+00:00/1970-01-30T23:59+00:00,10EUR,new,published,,,,,,,
1607491850606_216488,"Kehrää, kehrää tyttönen.","Kehrää, kehrää tyttönen.",https://res.cloudinary.com/dolyfnals/images/v1607491863/1193_swu497_201649182753/1193_swu497_201649182753.jpg,https://dev1.kirjapino.fi/product/kehraa-kehraa-tyttonen/,"Yhteiskunta, laki, politiikka","kirjapino.fi",17EUR,in stock,1607491850606_216488,,,1970-01-29T00:00+00:00/1970-01-30T23:59+00:00,17EUR,new,published,,,,,,,
1607491833743_216486,"Huomisen haasteet - Ajatuksia 1980-luvulle siirryttäessä -","Nimisivun yläreunassa aiemman omistajan nimi.",https://res.cloudinary.com/dolyfnals/images/v1607491848/1193_swu485_201649181855/1193_swu485_201649181855.jpg,https://dev1.kirjapino.fi/product/huomisen-haasteet-ajatuksia-1980-luvulle-siirryttaessa/,"Yhteiskunta, laki, politiikka","kirjapino.fi",11EUR,in stock,1607491833743_216486,,,1970-01-29T00:00+00:00/1970-01-30T23:59+00:00,11EUR,new,published,,,,,,,
1607491817885_216484,"Välikymys","Tekijän omiste.",https://res.cloudinary.com/dolyfnals/images/v1607491832/1193_swu484_201649181825/1193_swu484_201649181825.jpg,https://dev1.kirjapino.fi/product/valikymys/,"Yhteiskunta, laki, politiikka","kirjapino.fi",13EUR,in stock,1607491817885_216484,,,1970-01-29T00:00+00:00/1970-01-30T23:59+00:00,13EUR,new,published,,,,,,,
1607491802039_216482,"Aatteet marssivat","Aatteet marssivat",https://res.cloudinary.com/dolyfnals/images/v1607491821/1193_swu477_201649181327/1193_swu477_201649181327.jpg,https://dev1.kirjapino.fi/product/aatteet-marssivat/,"Yhteiskunta, laki, politiikka","kirjapino.fi",10EUR,in stock,1607491802039_216482,,,1970-01-29T00:00+00:00/1970-01-30T23:59+00:00,10EUR,new,published,,,,,,,
1607491784342_216480,"Koulutusdemokratia","Koulutusdemokratia",https://res.cloudinary.com/dolyfnals/images/v1607491798/1193_swu467_20164918613/1193_swu467_20164918613.jpg,https://dev1.kirjapino.fi/product/koulutusdemokratia/,"Yhteiskunta, laki, politiikka","kirjapino.fi",10EUR,in stock,1607491784342_216480,,,1970-01-29T00:00+00:00/1970-01-30T23:59+00:00,10EUR,new,published,,,,,,,
1607491760797_216478,"Käärme ja tiedon puu Naisnäkökulmia tekniikkaan","Käärme ja tiedon puu Naisnäkökulmia tekniikkaan",https://res.cloudinary.com/dolyfnals/images/v1607491775/1193_swu432_201649151041/1193_swu432_201649151041.jpg,https://dev1.kirjapino.fi/product/kaarme-ja-tiedon-puu-naisnakokulmia-tekniikkaan/,"Yhteiskunta, laki, politiikka","kirjapino.fi",13EUR,in stock,1607491760797_216478,,,1970-01-29T00:00+00:00/1970-01-30T23:59+00:00,13EUR,new,published,,,,,,,
1607491744510_216476,"Huomenna on liian myöhäistä. Mikä ihmiskuntaa odottaa ?","Huomenna on liian myöhäistä. Mikä ihmiskuntaa odottaa ?",https://res.cloudinary.com/dolyfnals/images/v1607491765/1193_swu367_201644183546/1193_swu367_201644183546.jpg,https://dev1.kirjapino.fi/product/huomenna-on-liian-myohaista-mika-ihmiskuntaa-odottaa/,"Yhteiskunta, laki, politiikka","kirjapino.fi",13EUR,in stock,1607491744510_216476,,,1970-01-29T00:00+00:00/1970-01-30T23:59+00:00,13EUR,new,published,,,,,,,
1607491725740_216474,"Työtätekevän asialla Reunamerkintöjä Pertti Klemolan kirjaan","Työtätekevän asialla Reunamerkintöjä Pertti Klemolan kirjaan",https://res.cloudinary.com/dolyfnals/images/v1607491737/1193_swu325_20164418032/1193_swu325_20164418032.jpg,https://dev1.kirjapino.fi/product/tyotatekevan-asialla-reunamerkintoja-pertti-klemolan-kirjaan/,"Yhteiskunta, laki, politiikka","kirjapino.fi",10EUR,in stock,1607491725740_216474,,,1970-01-29T00:00+00:00/1970-01-30T23:59+00:00,10EUR,new,published,,,,,,,
1607491711552_216472,"Maailman politiikan kasvot","Maailman politiikan kasvot",https://res.cloudinary.com/dolyfnals/images/v1607491728/1193_swu232_20164411189/1193_swu232_20164411189.jpg,https://dev1.kirjapino.fi/product/maailman-politiikan-kasvot/,"Yhteiskunta, laki, politiikka","kirjapino.fi",11EUR,in stock,1607491711552_216472,,,1970-01-29T00:00+00:00/1970-01-30T23:59+00:00,11EUR,new,published,,,,,,,
1607491693038_216470,"Poliisimiehen oikeustapauskokoelma","Poliisimiehen oikeustapauskokoelma",https://res.cloudinary.com/dolyfnals/images/v1607491701/1193_swu201_201643184531/1193_swu201_201643184531.jpg,https://dev1.kirjapino.fi/product/poliisimiehen-oikeustapauskokoelma/,"Yhteiskunta, laki, politiikka","kirjapino.fi",15EUR,in stock,1607491693038_216470,,,1970-01-29T00:00+00:00/1970-01-30T23:59+00:00,15EUR,new,published,,,,,,,
1607491677746_216468,"Sotilasmahdin valvonta.","Sotilasmahdin valvonta.",https://res.cloudinary.com/dolyfnals/images/v1607491702/1193_swu144_201643154650/1193_swu144_201643154650.jpg,https://dev1.kirjapino.fi/product/sotilasmahdin-valvonta/,"Yhteiskunta, laki, politiikka","kirjapino.fi",10EUR,in stock,1607491677746_216468,,,1970-01-29T00:00+00:00/1970-01-30T23:59+00:00,10EUR,new,published,,,,,,,
1607491657401_216466,"Sosialismin suuri käänne","Sosialismin suuri käänne",https://res.cloudinary.com/dolyfnals/images/v1607491671/1193_swu143_201643154619/1193_swu143_201643154619.jpg,https://dev1.kirjapino.fi/product/sosialismin-suuri-kaanne/,"Yhteiskunta, laki, politiikka","kirjapino.fi",10EUR,in stock,1607491657401_216466,,,1970-01-29T00:00+00:00/1970-01-30T23:59+00:00,10EUR,new,published,,,,,,,
1607491635875_216464,"Velkabumerangi Kolmannen maailman velka kaikkien ongelmana","Velkabumerangi Kolmannen maailman velka kaikkien ongelmana",https://res.cloudinary.com/dolyfnals/images/v1607491672/1193_swu163_201643153746/1193_swu163_201643153746.jpg,https://dev1.kirjapino.fi/product/velkabumerangi-kolmannen-maailman-velka-kaikkien-ongelmana/,"Yhteiskunta, laki, politiikka","kirjapino.fi",11EUR,in stock,1607491635875_216464,,,1970-01-29T00:00+00:00/1970-01-30T23:59+00:00,11EUR,new,published,,,,,,,
1607491618756_216462,"Tulevaisuuden voimasuhteet","Tulevaisuuden voimasuhteet",https://res.cloudinary.com/dolyfnals/images/v1607491644/1193_swp774_2016431381/1193_swp774_2016431381.jpg,https://dev1.kirjapino.fi/product/tulevaisuuden-voimasuhteet/,"Yhteiskunta, laki, politiikka","kirjapino.fi",11EUR,in stock,1607491618756_216462,,,1970-01-29T00:00+00:00/1970-01-30T23:59+00:00,11EUR,new,published,,,,,,,
1607491599918_216460,"Moskva kontra islam - Fra Djenghis Khan til Gorbatjov","Moskva kontra islam - Fra Djenghis Khan til Gorbatjov",https://res.cloudinary.com/dolyfnals/images/v1607491609/1193_swt905_2016331152328/1193_swt905_2016331152328.jpg,https://dev1.kirjapino.fi/product/moskva-kontra-islam-fra-djenghis-khan-til-gorbatjov/,"Yhteiskunta, laki, politiikka","kirjapino.fi",10EUR,in stock,1607491599918_216460,,,1970-01-29T00:00+00:00/1970-01-30T23:59+00:00,10EUR,new,published,,,,,,,
1607491573797_216458,"Deutschland ohne Juden - Eine Bilanz","Deutschland ohne Juden - Eine Bilanz",https://res.cloudinary.com/dolyfnals/images/v1607491585/1193_swt861_201633115636/1193_swt861_201633115636.jpg,https://dev1.kirjapino.fi/product/deutschland-ohne-juden-eine-bilanz/,"Yhteiskunta, laki, politiikka","kirjapino.fi",10EUR,in stock,1607491573797_216458,,,1970-01-29T00:00+00:00/1970-01-30T23:59+00:00,10EUR,new,published,,,,,,,
1607491556695_216456,"Nainen miehen yhteiskunnassa. Historiallinen,teoreettinen ja empiirinen tutkimus naisen asemasta.","Ensimmäisen sivun yläreunassa aiemman omistajan nimi.",https://res.cloudinary.com/dolyfnals/images/v1607491586/1193_swt754_2016327152332/1193_swt754_2016327152332.jpg,https://dev1.kirjapino.fi/product/nainen-miehen-yhteiskunnassa-historiallinenteoreettinen-ja-empiirinen-tutkimus-naisen-asemasta/,"Yhteiskunta, laki, politiikka","kirjapino.fi",11EUR,in stock,1607491556695_216456,,,1970-01-29T00:00+00:00/1970-01-30T23:59+00:00,11EUR,new,published,,,,,,,
1607491539134_216454,"South Africa - The Struggle for a Birthright","South Africa - The Struggle for a Birthright",https://res.cloudinary.com/dolyfnals/images/v1607491553/1193_swt681_2016327113032/1193_swt681_2016327113032.jpg,https://dev1.kirjapino.fi/product/south-africa-the-struggle-for-a-birthright/,"Yhteiskunta, laki, politiikka","kirjapino.fi",10EUR,in stock,1607491539134_216454,,,1970-01-29T00:00+00:00/1970-01-30T23:59+00:00,10EUR,new,published,,,,,,,
1607491518666_216452,"Neljä vuorta - Naisen asema uudessa Kiinassa","Neljä vuorta - Naisen asema uudessa Kiinassa",https://res.cloudinary.com/dolyfnals/images/v1607491553/1193_swt680_201632711301/1193_swt680_201632711301.jpg,https://dev1.kirjapino.fi/product/nelja-vuorta-naisen-asema-uudessa-kiinassa/,"Yhteiskunta, laki, politiikka","kirjapino.fi",10EUR,in stock,1607491518666_216452,,,1970-01-29T00:00+00:00/1970-01-30T23:59+00:00,10EUR,new,published,,,,,,,
1607491499099_216450,"Suomalainen kristillisyys Wilhelm Malmivaaran edustamana","Suomalainen kristillisyys Wilhelm Malmivaaran edustamana",https://res.cloudinary.com/dolyfnals/images/v1607491523/swh465/swh465.jpg,https://dev1.kirjapino.fi/product/suomalainen-kristillisyys-wilhelm-malmivaaran-edustamana/,"Uskonto","kirjapino.fi",11EUR,in stock,1607491499099_216450,,,1970-01-29T00:00+00:00/1970-01-30T23:59+00:00,11EUR,new,published,,,,,,,
1607491480269_216448,"Pitkä ilo Joulun evankeliumi","Pitkä ilo Joulun evankeliumi",https://res.cloudinary.com/dolyfnals/images/v1607491490/nnl335/nnl335.jpg,https://dev1.kirjapino.fi/product/pitka-ilo-joulun-evankeliumi-2/,"Uskonto","kirjapino.fi",13EUR,in stock,1607491480269_216448,,,1970-01-29T00:00+00:00/1970-01-30T23:59+00:00,13EUR,new,published,,,,,,,
1607491458913_216446,"Enkeleitä","Enkeleitä",https://res.cloudinary.com/dolyfnals/images/v1607491475/nnl205/nnl205.jpg,https://dev1.kirjapino.fi/product/enkeleita/,"Uskonto","kirjapino.fi",10EUR,in stock,1607491458913_216446,,,1970-01-29T00:00+00:00/1970-01-30T23:59+00:00,10EUR,new,published,,,,,,,
1607491441495_216444,"Rippilasten kirja muistoksi ensi käynnistä Herran P. Ehtolliselle","Rippilasten kirja muistoksi ensi käynnistä Herran P. Ehtolliselle",https://res.cloudinary.com/dolyfnals/images/v1607491463/nnl120/nnl120.jpg,https://dev1.kirjapino.fi/product/rippilasten-kirja-muistoksi-ensi-kaynnista-herran-p-ehtolliselle/,"Uskonto","kirjapino.fi",17EUR,in stock,1607491441495_216444,,,1970-01-29T00:00+00:00/1970-01-30T23:59+00:00,17EUR,new,published,,,,,,,
1607491422823_216442,"Heidän työnsä elää I Vanhat kirkonrakentajat","Heidän työnsä elää I Vanhat kirkonrakentajat",https://res.cloudinary.com/dolyfnals/images/v1607491437/nnl066/nnl066.jpg,https://dev1.kirjapino.fi/product/heidan-tyonsa-elaa-i-vanhat-kirkonrakentajat/,"Uskonto","kirjapino.fi",12EUR,in stock,1607491422823_216442,,,1970-01-29T00:00+00:00/1970-01-30T23:59+00:00,12EUR,new,published,,,,,,,
1607491406266_216440,"Rukous on elämäni","Rukous on elämäni",https://res.cloudinary.com/dolyfnals/images/v1607491428/nnl065/nnl065.jpg,https://dev1.kirjapino.fi/product/rukous-on-elamani/,"Uskonto","kirjapino.fi",10EUR,in stock,1607491406266_216440,,,1970-01-29T00:00+00:00/1970-01-30T23:59+00:00,10EUR,new,published,,,,,,,
1607491389483_216438,"Ortodoksia 27","Ortodoksia 27",https://res.cloudinary.com/dolyfnals/images/v1607491401/nnl063/nnl063.jpg,https://dev1.kirjapino.fi/product/ortodoksia-27/,"Uskonto","kirjapino.fi",13EUR,in stock,1607491389483_216438,,,1970-01-29T00:00+00:00/1970-01-30T23:59+00:00,13EUR,new,published,,,,,,,
1607491373209_216436,"Mielen reunalla","Mielen reunalla",https://res.cloudinary.com/dolyfnals/images/v1607491382/nnl062/nnl062.jpg,https://dev1.kirjapino.fi/product/mielen-reunalla-2/,"Uskonto","kirjapino.fi",12EUR,in stock,1607491373209_216436,,,1970-01-29T00:00+00:00/1970-01-30T23:59+00:00,12EUR,new,published,,,,,,,
1607491352304_216434,"Tolstoi ja Luther Vuorisaarnan selittäjinä","Tolstoi ja Luther Vuorisaarnan selittäjinä",https://res.cloudinary.com/dolyfnals/images/v1607491368/nnl060/nnl060.jpg,https://dev1.kirjapino.fi/product/tolstoi-ja-luther-vuorisaarnan-selittajina-2/,"Uskonto","kirjapino.fi",11EUR,in stock,1607491352304_216434,,,1970-01-29T00:00+00:00/1970-01-30T23:59+00:00,11EUR,new,published,,,,,,,
1607491332882_216432,"Yleisen uskonnonhistorian pääpiirteet","Yleisen uskonnonhistorian pääpiirteet",https://res.cloudinary.com/dolyfnals/images/v1607491344/nnl059/nnl059.jpg,https://dev1.kirjapino.fi/product/yleisen-uskonnonhistorian-paapiirteet-2/,"Uskonto","kirjapino.fi",12EUR,in stock,1607491332882_216432,,,1970-01-29T00:00+00:00/1970-01-30T23:59+00:00,12EUR,new,published,,,,,,,
1607491316156_216430,"Suomen kirkon historia I Keski-aika","Suomen kirkon historia I Keski-aika",https://res.cloudinary.com/dolyfnals/images/v1607491342/nnl058/nnl058.jpg,https://dev1.kirjapino.fi/product/suomen-kirkon-historia-i-keski-aika/,"Uskonto","kirjapino.fi",13EUR,in stock,1607491316156_216430,,,1970-01-29T00:00+00:00/1970-01-30T23:59+00:00,13EUR,new,published,,,,,,,
1607491298697_216428,"Maria","Maria",https://res.cloudinary.com/dolyfnals/images/v1607491312/nnl057-1/nnl057-1.jpg,https://dev1.kirjapino.fi/product/maria-2/,"Uskonto","kirjapino.fi",11EUR,in stock,1607491298697_216428,,,1970-01-29T00:00+00:00/1970-01-30T23:59+00:00,11EUR,new,published,,,,,,,
1607491280731_216426,"Maria","Maria",https://res.cloudinary.com/dolyfnals/images/v1607491313/nnl057/nnl057.jpg,https://dev1.kirjapino.fi/product/maria/,"Uskonto","kirjapino.fi",11EUR,in stock,1607491280731_216426,,,1970-01-29T00:00+00:00/1970-01-30T23:59+00:00,11EUR,new,published,,,,,,,
1607491266782_216424,"Pyhä Liekki Kodin hartauskirja","Pyhä Liekki Kodin hartauskirja",https://res.cloudinary.com/dolyfnals/images/v1607491285/nnl056/nnl056.jpg,https://dev1.kirjapino.fi/product/pyha-liekki-kodin-hartauskirja/,"Uskonto","kirjapino.fi",10EUR,in stock,1607491266782_216424,,,1970-01-29T00:00+00:00/1970-01-30T23:59+00:00,10EUR,new,published,,,,,,,
1607491253241_216422,"Salattu elämä Kristuksen kanssa Jumalassa","Salattu elämä Kristuksen kanssa Jumalassa",https://res.cloudinary.com/dolyfnals/images/v1607491264/nnl055/nnl055.jpg,https://dev1.kirjapino.fi/product/salattu-elama-kristuksen-kanssa-jumalassa-2/,"Uskonto","kirjapino.fi",11EUR,in stock,1607491253241_216422,,,1970-01-29T00:00+00:00/1970-01-30T23:59+00:00,11EUR,new,published,,,,,,,
1607491238328_216420,"Mies, joka taisteli pimeyttä vastaan Romaani Lars Levi Laestadiuksen elämästä","Mies, joka taisteli pimeyttä vastaan Romaani Lars Levi Laestadiuksen elämästä",https://res.cloudinary.com/dolyfnals/images/v1607491249/nnl054/nnl054.jpg,https://dev1.kirjapino.fi/product/mies-joka-taisteli-pimeytta-vastaan-romaani-lars-levi-laestadiuksen-elamasta/,"Uskonto","kirjapino.fi",13EUR,in stock,1607491238328_216420,,,1970-01-29T00:00+00:00/1970-01-30T23:59+00:00,13EUR,new,published,,,,,,,
1607491224058_216418,"Pohjolan herättäjä Albert Lunde","Pohjolan herättäjä Albert Lunde",https://res.cloudinary.com/dolyfnals/images/v1607491251/nnl053/nnl053.jpg,https://dev1.kirjapino.fi/product/pohjolan-herattaja-albert-lunde/,"Uskonto","kirjapino.fi",12EUR,in stock,1607491224058_216418,,,1970-01-29T00:00+00:00/1970-01-30T23:59+00:00,12EUR,new,published,,,,,,,
1607491207930_216416,"Heränneen kansan äitejä","Heränneen kansan äitejä",https://res.cloudinary.com/dolyfnals/images/v1607491220/nnl052/nnl052.jpg,https://dev1.kirjapino.fi/product/heranneen-kansan-aiteja/,"Uskonto","kirjapino.fi",11EUR,in stock,1607491207930_216416,,,1970-01-29T00:00+00:00/1970-01-30T23:59+00:00,11EUR,new,published,,,,,,,
1607491191821_216414,"Yrjö Müller Rukouksen mies","Yrjö Müller Rukouksen mies",https://res.cloudinary.com/dolyfnals/images/v1607491202/nnl051/nnl051.jpg,https://dev1.kirjapino.fi/product/yrjo-muller-rukouksen-mies/,"Uskonto","kirjapino.fi",11EUR,in stock,1607491191821_216414,,,1970-01-29T00:00+00:00/1970-01-30T23:59+00:00,11EUR,new,published,,,,,,,
1607491178900_216412,"Kansanherätys","Kansanherätys",https://res.cloudinary.com/dolyfnals/images/v1607491189/nnl050/nnl050.jpg,https://dev1.kirjapino.fi/product/kansanheratys/,"Uskonto","kirjapino.fi",11EUR,in stock,1607491178900_216412,,,1970-01-29T00:00+00:00/1970-01-30T23:59+00:00,11EUR,new,published,,,,,,,
1607491162758_216410,"Salattu Jumala Usko, tieto ja etsintä","Salattu Jumala Usko, tieto ja etsintä",https://res.cloudinary.com/dolyfnals/images/v1607491176/nnl049/nnl049.jpg,https://dev1.kirjapino.fi/product/salattu-jumala-usko-tieto-ja-etsinta-2/,"Uskonto","kirjapino.fi",12EUR,in stock,1607491162758_216410,,,1970-01-29T00:00+00:00/1970-01-30T23:59+00:00,12EUR,new,published,,,,,,,
1607491146790_216408,"Suomen kirkon pakanalähetyksen historia 1899","Suomen kirkon pakanalähetyksen historia 1899",https://res.cloudinary.com/dolyfnals/images/v1607491162/nnl048/nnl048.jpg,https://dev1.kirjapino.fi/product/suomen-kirkon-pakanalahetyksen-historia-1899/,"Uskonto","kirjapino.fi",20EUR,in stock,1607491146790_216408,,,1970-01-29T00:00+00:00/1970-01-30T23:59+00:00,20EUR,new,published,,,,,,,
1607491130663_216406,"Kristuksen seuraamisesta","Kristuksen seuraamisesta",https://res.cloudinary.com/dolyfnals/images/v1607491144/nnl044/nnl044.jpg,https://dev1.kirjapino.fi/product/kristuksen-seuraamisesta-4/,"Uskonto","kirjapino.fi",11EUR,in stock,1607491130663_216406,,,1970-01-29T00:00+00:00/1970-01-30T23:59+00:00,11EUR,new,published,,,,,,,
1607491112481_216404,"Kirkkoisä Augustinuksen tunnustukset","Kirkkoisä Augustinuksen tunnustukset",https://res.cloudinary.com/dolyfnals/images/v1607491128/nnl043/nnl043.jpg,https://dev1.kirjapino.fi/product/kirkkoisa-augustinuksen-tunnustukset/,"Uskonto","kirjapino.fi",15EUR,in stock,1607491112481_216404,,,1970-01-29T00:00+00:00/1970-01-30T23:59+00:00,15EUR,new,published,,,,,,,
1607491093719_216402,"Aurankurjesta sananpalvelukseen Lehtinen evankelisen liikkeen historia","Aurankurjesta sananpalvelukseen Lehtinen evankelisen liikkeen historia",https://res.cloudinary.com/dolyfnals/images/v1607491112/nnl042/nnl042.jpg,https://dev1.kirjapino.fi/product/aurankurjesta-sananpalvelukseen-lehtinen-evankelisen-liikkeen-historia/,"Uskonto","kirjapino.fi",10EUR,in stock,1607491093719_216402,,,1970-01-29T00:00+00:00/1970-01-30T23:59+00:00,10EUR,new,published,,,,,,,
1607491080221_216400,"Elämä ja työ","Elämä ja työ",https://res.cloudinary.com/dolyfnals/images/v1607491103/nnl041/nnl041.jpg,https://dev1.kirjapino.fi/product/elama-ja-tyo/,"Uskonto","kirjapino.fi",11EUR,in stock,1607491080221_216400,,,1970-01-29T00:00+00:00/1970-01-30T23:59+00:00,11EUR,new,published,,,,,,,
1607491069086_216398,"Raamatun henkilöitä I Josef ja Elia","Raamatun henkilöitä I Josef ja Elia",https://res.cloudinary.com/dolyfnals/images/v1607491078/nnl040/nnl040.jpg,https://dev1.kirjapino.fi/product/raamatun-henkiloita-i-josef-ja-elia/,"Uskonto","kirjapino.fi",11EUR,in stock,1607491069086_216398,,,1970-01-29T00:00+00:00/1970-01-30T23:59+00:00,11EUR,new,published,,,,,,,
1607491056892_216396,"Johanneksen evankeliumi","Johanneksen evankeliumi",https://res.cloudinary.com/dolyfnals/images/v1607491068/nnl039/nnl039.jpg,https://dev1.kirjapino.fi/product/johanneksen-evankeliumi/,"Uskonto","kirjapino.fi",12EUR,in stock,1607491056892_216396,,,1970-01-29T00:00+00:00/1970-01-30T23:59+00:00,12EUR,new,published,,,,,,,
1607491039662_216394,"Siionin vanki","Siionin vanki",https://res.cloudinary.com/dolyfnals/images/v1607491069/nnl037/nnl037.jpg,https://dev1.kirjapino.fi/product/siionin-vanki/,"Uskonto","kirjapino.fi",13EUR,in stock,1607491039662_216394,,,1970-01-29T00:00+00:00/1970-01-30T23:59+00:00,13EUR,new,published,,,,,,,
1607491024280_216392,"Ilolaulu Jesuksesta","Ilolaulu Jesuksesta",https://res.cloudinary.com/dolyfnals/images/v1607491031/nnl036/nnl036.jpg,https://dev1.kirjapino.fi/product/ilolaulu-jesuksesta/,"Uskonto","kirjapino.fi",13EUR,in stock,1607491024280_216392,,,1970-01-29T00:00+00:00/1970-01-30T23:59+00:00,13EUR,new,published,,,,,,,
1607491007804_216390,"Isä Meidän Selitys","Isä Meidän Selitys",https://res.cloudinary.com/dolyfnals/images/v1607491017/nnl035/nnl035.jpg,https://dev1.kirjapino.fi/product/isa-meidan-selitys/,"Uskonto","kirjapino.fi",10EUR,in stock,1607491007804_216390,,,1970-01-29T00:00+00:00/1970-01-30T23:59+00:00,10EUR,new,published,,,,,,,
1607490989631_216388,"Uskon salaisuus Käytännöllistä uskonelämää koskevia neuvoja","Uskon salaisuus Käytännöllistä uskonelämää koskevia neuvoja",https://res.cloudinary.com/dolyfnals/images/v1607491002/nnl034_344918/nnl034_344918.jpg,https://dev1.kirjapino.fi/product/uskon-salaisuus-kaytannollista-uskonelamaa-koskevia-neuvoja/,"Uskonto","kirjapino.fi",11EUR,in stock,1607490989631_216388,,,1970-01-29T00:00+00:00/1970-01-30T23:59+00:00,11EUR,new,published,,,,,,,
1607490970908_216386,"Opeta meitä rukoilemaan Rukouksesta raamatuntutkimuksen pohjalla","Opeta meitä rukoilemaan Rukouksesta raamatuntutkimuksen pohjalla",https://res.cloudinary.com/dolyfnals/images/v1607490986/nnl034_334243/nnl034_334243.jpg,https://dev1.kirjapino.fi/product/opeta-meita-rukoilemaan-rukouksesta-raamatuntutkimuksen-pohjalla-2/,"Uskonto","kirjapino.fi",11EUR,in stock,1607490970908_216386,,,1970-01-29T00:00+00:00/1970-01-30T23:59+00:00,11EUR,new,published,,,,,,,
1607490952336_216384,"Iloa enemmän","Iloa enemmän",https://res.cloudinary.com/dolyfnals/images/v1607490964/nnl034/nnl034.jpg,https://dev1.kirjapino.fi/product/iloa-enemman/,"Uskonto","kirjapino.fi",11EUR,in stock,1607490952336_216384,,,1970-01-29T00:00+00:00/1970-01-30T23:59+00:00,11EUR,new,published,,,,,,,
1607490911309_216380,"Vainotun papin vaimona","Vainotun papin vaimona",https://res.cloudinary.com/dolyfnals/images/v1607490922/nnl031/nnl031.jpg,https://dev1.kirjapino.fi/product/vainotun-papin-vaimona/,"Uskonto","kirjapino.fi",11EUR,in stock,1607490911309_216380,,,1970-01-29T00:00+00:00/1970-01-30T23:59+00:00,11EUR,new,published,,,,,,,
1607490892438_216378,"Etsijä","Etsijä",https://res.cloudinary.com/dolyfnals/images/v1607490904/nnl029/nnl029.jpg,https://dev1.kirjapino.fi/product/etsija/,"Uskonto","kirjapino.fi",10EUR,in stock,1607490892438_216378,,,1970-01-29T00:00+00:00/1970-01-30T23:59+00:00,10EUR,new,published,,,,,,,
1607490873467_216376,"Miten luet raamattuasi?","Miten luet raamattuasi?",https://res.cloudinary.com/dolyfnals/images/v1607490887/nnl030/nnl030.jpg,https://dev1.kirjapino.fi/product/miten-luet-raamattuasi/,"Uskonto","kirjapino.fi",9EUR,in stock,1607490873467_216376,,,1970-01-29T00:00+00:00/1970-01-30T23:59+00:00,9EUR,new,published,,,,,,,
1607490855412_216374,"Muukalaisten kotielämä Rukouskirja","Muukalaisten kotielämä Rukouskirja",https://res.cloudinary.com/dolyfnals/images/v1607490865/nnl028/nnl028.jpg,https://dev1.kirjapino.fi/product/muukalaisten-kotielama-rukouskirja-2/,"Uskonto","kirjapino.fi",10EUR,in stock,1607490855412_216374,,,1970-01-29T00:00+00:00/1970-01-30T23:59+00:00,10EUR,new,published,,,,,,,
1607490835785_216372,"Mukana maailmassa","Tekijän omiste.",https://res.cloudinary.com/dolyfnals/images/v1607490863/nnl027/nnl027.jpg,https://dev1.kirjapino.fi/product/mukana-maailmassa/,"Uskonto","kirjapino.fi",11EUR,in stock,1607490835785_216372,,,1970-01-29T00:00+00:00/1970-01-30T23:59+00:00,11EUR,new,published,,,,,,,
1607490818584_216370,"Kuolema","Kuolema",https://res.cloudinary.com/dolyfnals/images/v1607490829/nnl026/nnl026.jpg,https://dev1.kirjapino.fi/product/kuolema-5/,"Uskonto","kirjapino.fi",11EUR,in stock,1607490818584_216370,,,1970-01-29T00:00+00:00/1970-01-30T23:59+00:00,11EUR,new,published,,,,,,,
1607490800566_216368,"Ludvig Feuerbachin uskonnonfilosofian periaatteet hänen pienten tutkielmansa valossa","Ludvig Feuerbachin uskonnonfilosofian periaatteet hänen pienten tutkielmansa valossa",https://res.cloudinary.com/dolyfnals/images/v1607490811/nnl025/nnl025.jpg,https://dev1.kirjapino.fi/product/ludvig-feuerbachin-uskonnonfilosofian-periaatteet-hanen-pienten-tutkielmansa-valossa/,"Uskonto","kirjapino.fi",11EUR,in stock,1607490800566_216368,,,1970-01-29T00:00+00:00/1970-01-30T23:59+00:00,11EUR,new,published,,,,,,,
1607490784885_216366,"Maan ja taivaan enkelit","Maan ja taivaan enkelit",https://res.cloudinary.com/dolyfnals/images/v1607490801/nnl023/nnl023.jpg,https://dev1.kirjapino.fi/product/maan-ja-taivaan-enkelit-3/,"Uskonto","kirjapino.fi",12EUR,in stock,1607490784885_216366,,,1970-01-29T00:00+00:00/1970-01-30T23:59+00:00,12EUR,new,published,,,,,,,
1607490766176_216364,"Apostolikirkon henki","Apostolikirkon henki",https://res.cloudinary.com/dolyfnals/images/v1607490778/nnl022/nnl022.jpg,https://dev1.kirjapino.fi/product/apostolikirkon-henki/,"Uskonto","kirjapino.fi",15EUR,in stock,1607490766176_216364,,,1970-01-29T00:00+00:00/1970-01-30T23:59+00:00,15EUR,new,published,,,,,,,
1607490748201_216362,"Kristin-uskon ja pakanuuden taistelu Kuvauksia muinaisuudesta nykyajalle kuvastimeksi","Kristin-uskon ja pakanuuden taistelu Kuvauksia muinaisuudesta nykyajalle kuvastimeksi",https://res.cloudinary.com/dolyfnals/images/v1607490770/nnl021/nnl021.jpg,https://dev1.kirjapino.fi/product/kristin-uskon-ja-pakanuuden-taistelu-kuvauksia-muinaisuudesta-nykyajalle-kuvastimeksi/,"Uskonto","kirjapino.fi",17EUR,in stock,1607490748201_216362,,,1970-01-29T00:00+00:00/1970-01-30T23:59+00:00,17EUR,new,published,,,,,,,
1607490721791_216360,"Jokapäiväinen uudistus Hartauskirja kotia varten","Jokapäiväinen uudistus Hartauskirja kotia varten",https://res.cloudinary.com/dolyfnals/images/v1607490740/nnl020/nnl020.jpg,https://dev1.kirjapino.fi/product/jokapaivainen-uudistus-hartauskirja-kotia-varten/,"Uskonto","kirjapino.fi",10EUR,in stock,1607490721791_216360,,,1970-01-29T00:00+00:00/1970-01-30T23:59+00:00,10EUR,new,published,,,,,,,
1607490702797_216358,"Minun Jumalani Meidän aikamme ihmisen uskon tunnustukset","Minun Jumalani Meidän aikamme ihmisen uskon tunnustukset",https://res.cloudinary.com/dolyfnals/images/v1607490718/nnl019/nnl019.jpg,https://dev1.kirjapino.fi/product/minun-jumalani-meidan-aikamme-ihmisen-uskon-tunnustukset/,"Uskonto","kirjapino.fi",10EUR,in stock,1607490702797_216358,,,1970-01-29T00:00+00:00/1970-01-30T23:59+00:00,10EUR,new,published,,,,,,,
1607490687313_216356,"Rukoilijat kutovat verkkomajaa","Rukoilijat kutovat verkkomajaa",https://res.cloudinary.com/dolyfnals/images/v1607490709/nnl018/nnl018.jpg,https://dev1.kirjapino.fi/product/rukoilijat-kutovat-verkkomajaa/,"Uskonto","kirjapino.fi",10EUR,in stock,1607490687313_216356,,,1970-01-29T00:00+00:00/1970-01-30T23:59+00:00,10EUR,new,published,,,,,,,
1607490670582_216354,"Salmit ja Jobin kirja Uusi suomennos selityksineen","Salmit ja Jobin kirja Uusi suomennos selityksineen",https://res.cloudinary.com/dolyfnals/images/v1607490683/nnl017/nnl017.jpg,https://dev1.kirjapino.fi/product/salmit-ja-jobin-kirja-uusi-suomennos-selityksineen/,"Uskonto","kirjapino.fi",12EUR,in stock,1607490670582_216354,,,1970-01-29T00:00+00:00/1970-01-30T23:59+00:00,12EUR,new,published,,,,,,,
1607490654628_216352,"Minimessu","Minimessu",https://res.cloudinary.com/dolyfnals/images/v1607490662/nnl016/nnl016.jpg,https://dev1.kirjapino.fi/product/minimessu/,"Uskonto","kirjapino.fi",10EUR,in stock,1607490654628_216352,,,1970-01-29T00:00+00:00/1970-01-30T23:59+00:00,10EUR,new,published,,,,,,,
1607490639603_216350,"Ekumeeninen kaleidoskooppi Päiväkirjan lehtiä vuodelta 1986","Ekumeeninen kaleidoskooppi Päiväkirjan lehtiä vuodelta 1986",https://res.cloudinary.com/dolyfnals/images/v1607490647/nnl015/nnl015.jpg,https://dev1.kirjapino.fi/product/ekumeeninen-kaleidoskooppi-paivakirjan-lehtia-vuodelta-1986/,"Uskonto","kirjapino.fi",11EUR,in stock,1607490639603_216350,,,1970-01-29T00:00+00:00/1970-01-30T23:59+00:00,11EUR,new,published,,,,,,,
1607490599990_216348,"Kiitän tuulesta ja auringosta","Kiitän tuulesta ja auringosta",https://res.cloudinary.com/dolyfnals/images/v1607490623/nnl014/nnl014.jpg,https://dev1.kirjapino.fi/product/kiitan-tuulesta-ja-auringosta/,"Uskonto","kirjapino.fi",10EUR,in stock,1607490599990_216348,,,1970-01-29T00:00+00:00/1970-01-30T23:59+00:00,10EUR,new,published,,,,,,,
1607490582235_216346,"Nuoruudessa Jeesukselle!","Nuoruudessa Jeesukselle!",https://res.cloudinary.com/dolyfnals/images/v1607490597/nnl013/nnl013.jpg,https://dev1.kirjapino.fi/product/nuoruudessa-jeesukselle-2/,"Uskonto","kirjapino.fi",13EUR,in stock,1607490582235_216346,,,1970-01-29T00:00+00:00/1970-01-30T23:59+00:00,13EUR,new,published,,,,,,,
1607490561417_216344,"Raamatun naiskohtaloita I-III","Raamatun naiskohtaloita I-III",https://res.cloudinary.com/dolyfnals/images/v1607490575/nnl010_216343c35d7/nnl010_216343c35d7.jpg,https://dev1.kirjapino.fi/product/raamatun-naiskohtaloita-i-iii/,"Uskonto","kirjapino.fi",15EUR,in stock,1607490561417_216344,,,1970-01-29T00:00+00:00/1970-01-30T23:59+00:00,15EUR,new,published,,,,,,,
1607490547102_216342,"Sinun kanssasi surussa","Sinun kanssasi surussa",https://res.cloudinary.com/dolyfnals/images/v1607490565/nnl009_2163412482a/nnl009_2163412482a.jpg,https://dev1.kirjapino.fi/product/sinun-kanssasi-surussa/,"Uskonto","kirjapino.fi",10EUR,in stock,1607490547102_216342,,,1970-01-29T00:00+00:00/1970-01-30T23:59+00:00,10EUR,new,published,,,,,,,
1607490532266_216340,"Suomalainen raamattumme Mikael Agricolasta uuteen kirkkoraamattuun","Suomalainen raamattumme Mikael Agricolasta uuteen kirkkoraamattuun",https://res.cloudinary.com/dolyfnals/images/v1607490543/nnk911/nnk911.jpg,https://dev1.kirjapino.fi/product/suomalainen-raamattumme-mikael-agricolasta-uuteen-kirkkoraamattuun-2/,"Uskonto","kirjapino.fi",21EUR,in stock,1607490532266_216340,,,1970-01-29T00:00+00:00/1970-01-30T23:59+00:00,21EUR,new,published,,,,,,,
1607490516191_216338,"Lakastumatonta elämänviisautta Jeesus Siirakin kirja","Lakastumatonta elämänviisautta Jeesus Siirakin kirja",https://res.cloudinary.com/dolyfnals/images/v1607490529/nnk905/nnk905.jpg,https://dev1.kirjapino.fi/product/lakastumatonta-elamanviisautta-jeesus-siirakin-kirja/,"Uskonto","kirjapino.fi",12EUR,in stock,1607490516191_216338,,,1970-01-29T00:00+00:00/1970-01-30T23:59+00:00,12EUR,new,published,,,,,,,
1607490500085_216336,"Naisten Raamattu Tätä kertomusta en unohda","Naisten Raamattu Tätä kertomusta en unohda",https://res.cloudinary.com/dolyfnals/images/v1607490511/nnk621/nnk621.jpg,https://dev1.kirjapino.fi/product/naisten-raamattu-tata-kertomusta-en-unohda/,"Uskonto","kirjapino.fi",11EUR,in stock,1607490500085_216336,,,1970-01-29T00:00+00:00/1970-01-30T23:59+00:00,11EUR,new,published,,,,,,,
1607490486116_216334,"Pyhää maata ilmakuvina","Pyhää maata ilmakuvina",https://res.cloudinary.com/dolyfnals/images/v1607490500/nnk571/nnk571.jpg,https://dev1.kirjapino.fi/product/pyhaa-maata-ilmakuvina/,"Uskonto","kirjapino.fi",13EUR,in stock,1607490486116_216334,,,1970-01-29T00:00+00:00/1970-01-30T23:59+00:00,13EUR,new,published,,,,,,,
1607490468800_216332,"Suomalainen usko","Suomalainen usko",https://res.cloudinary.com/dolyfnals/images/v1607490477/nnk563/nnk563.jpg,https://dev1.kirjapino.fi/product/suomalainen-usko/,"Uskonto","kirjapino.fi",12EUR,in stock,1607490468800_216332,,,1970-01-29T00:00+00:00/1970-01-30T23:59+00:00,12EUR,new,published,,,,,,,
1607490451298_216330,"Jerusalem","Jerusalem",https://res.cloudinary.com/dolyfnals/images/v1607490467/nnk548/nnk548.jpg,https://dev1.kirjapino.fi/product/jerusalem/,"Uskonto","kirjapino.fi",13EUR,in stock,1607490451298_216330,,,1970-01-29T00:00+00:00/1970-01-30T23:59+00:00,13EUR,new,published,,,,,,,
1607490422197_216328,"Tule Herra - muutoin hukumme","Tule Herra - muutoin hukumme",https://res.cloudinary.com/dolyfnals/images/v1607490441/nnk487/nnk487.jpg,https://dev1.kirjapino.fi/product/tule-herra-muutoin-hukumme/,"Uskonto","kirjapino.fi",11EUR,in stock,1607490422197_216328,,,1970-01-29T00:00+00:00/1970-01-30T23:59+00:00,11EUR,new,published,,,,,,,
1607490404873_216326,"Victorian rukouskirja","Victorian rukouskirja",https://res.cloudinary.com/dolyfnals/images/v1607490417/nnk485/nnk485.jpg,https://dev1.kirjapino.fi/product/victorian-rukouskirja/,"Uskonto","kirjapino.fi",11EUR,in stock,1607490404873_216326,,,1970-01-29T00:00+00:00/1970-01-30T23:59+00:00,11EUR,new,published,,,,,,,
1607490384274_216324,"Kristilliset juhla- ja pyhäpäivät Lauluja ja virsiä","Kuv. Jenny Nyström.",https://res.cloudinary.com/dolyfnals/images/v1607490407/nnk456/nnk456.jpg,https://dev1.kirjapino.fi/product/kristilliset-juhla-ja-pyhapaivat-lauluja-ja-virsia/,"Uskonto","kirjapino.fi",21EUR,in stock,1607490384274_216324,,,1970-01-29T00:00+00:00/1970-01-30T23:59+00:00,21EUR,new,published,,,,,,,
1607490370340_216322,"Ilmestyskirja","Ilmestyskirja",https://res.cloudinary.com/dolyfnals/images/v1607490384/nnk430/nnk430.jpg,https://dev1.kirjapino.fi/product/ilmestyskirja-2/,"Uskonto","kirjapino.fi",13EUR,in stock,1607490370340_216322,,,1970-01-29T00:00+00:00/1970-01-30T23:59+00:00,13EUR,new,published,,,,,,,
1607490356452_216320,"Lapsuuteni kirkkotie","Lapsuuteni kirkkotie",https://res.cloudinary.com/dolyfnals/images/v1607490386/nnk276/nnk276.jpg,https://dev1.kirjapino.fi/product/lapsuuteni-kirkkotie/,"Uskonto","kirjapino.fi",13EUR,in stock,1607490356452_216320,,,1970-01-29T00:00+00:00/1970-01-30T23:59+00:00,13EUR,new,published,,,,,,,
1607490340775_216318,"Aabrahamin perilliset","Aabrahamin perilliset",https://res.cloudinary.com/dolyfnals/images/v1607490350/1193_swt771_201632716121/1193_swt771_201632716121.jpg,https://dev1.kirjapino.fi/product/aabrahamin-perilliset-2/,"Uskonto","kirjapino.fi",15EUR,in stock,1607490340775_216318,,,1970-01-29T00:00+00:00/1970-01-30T23:59+00:00,15EUR,new,published,,,,,,,
1607490325275_216316,"Suomalainen radiohartaus","Suomalainen radiohartaus",https://res.cloudinary.com/dolyfnals/images/v1607490351/nnj844/nnj844.jpg,https://dev1.kirjapino.fi/product/suomalainen-radiohartaus/,"Uskonto","kirjapino.fi",13EUR,in stock,1607490325275_216316,,,1970-01-29T00:00+00:00/1970-01-30T23:59+00:00,13EUR,new,published,,,,,,,
1607490310027_216314,"Nyky aika Profetian valossa","Nyky aika Profetian valossa",https://res.cloudinary.com/dolyfnals/images/v1607490320/nnj810/nnj810.jpg,https://dev1.kirjapino.fi/product/nyky-aika-profetian-valossa/,"Uskonto","kirjapino.fi",17EUR,in stock,1607490310027_216314,,,1970-01-29T00:00+00:00/1970-01-30T23:59+00:00,17EUR,new,published,,,,,,,
1607490293213_216312,"Kauneimpia kukkais-liekkejä","Kauneimpia kukkais-liekkejä",https://res.cloudinary.com/dolyfnals/images/v1607490302/nnj799/nnj799.jpg,https://dev1.kirjapino.fi/product/kauneimpia-kukkais-liekkeja/,"Uskonto","kirjapino.fi",11EUR,in stock,1607490293213_216312,,,1970-01-29T00:00+00:00/1970-01-30T23:59+00:00,11EUR,new,published,,,,,,,
1607490278615_216310,"Kodin kynttilät VI","Kodin kynttilät VI",https://res.cloudinary.com/dolyfnals/images/v1607490287/nnj765/nnj765.jpg,https://dev1.kirjapino.fi/product/kodin-kynttilat-vi/,"Uskonto","kirjapino.fi",13EUR,in stock,1607490278615_216310,,,1970-01-29T00:00+00:00/1970-01-30T23:59+00:00,13EUR,new,published,,,,,,,
1607490264356_216308,"Raamatun historiallinen totuus vuosituhannanen takaa Egyptin, Palestiinan, Assurian ja Vähän-Aasian muinaislöytöjen valossa","Kannet kuluneet.",https://res.cloudinary.com/dolyfnals/images/v1607490275/nnj750/nnj750.jpg,https://dev1.kirjapino.fi/product/raamatun-historiallinen-totuus-vuosituhannanen-takaa-egyptin-palestiinan-assurian-ja-vahan-aasian-muinaisloytojen-valossa/,"Uskonto","kirjapino.fi",17EUR,in stock,1607490264356_216308,,,1970-01-29T00:00+00:00/1970-01-30T23:59+00:00,17EUR,new,published,,,,,,,
1607490247781_216306,"Piplia, sen arvo ja uskottavuus","Piplia, sen arvo ja uskottavuus",https://res.cloudinary.com/dolyfnals/images/v1607490261/nnj733/nnj733.jpg,https://dev1.kirjapino.fi/product/piplia-sen-arvo-ja-uskottavuus-2/,"Uskonto","kirjapino.fi",25EUR,in stock,1607490247781_216306,,,1970-01-29T00:00+00:00/1970-01-30T23:59+00:00,25EUR,new,published,,,,,,,
1607490232600_216304,"Noidan poika","Noidan poika",https://res.cloudinary.com/dolyfnals/images/v1607490243/nnj631/nnj631.jpg,https://dev1.kirjapino.fi/product/noidan-poika/,"Uskonto","kirjapino.fi",11EUR,in stock,1607490232600_216304,,,1970-01-29T00:00+00:00/1970-01-30T23:59+00:00,11EUR,new,published,,,,,,,
1607490216893_216302,"Yhdessä perille Veteraanin hartauskirja","Yhdessä perille Veteraanin hartauskirja",https://res.cloudinary.com/dolyfnals/images/v1607490228/nnj571/nnj571.jpg,https://dev1.kirjapino.fi/product/yhdessa-perille-veteraanin-hartauskirja-2/,"Uskonto","kirjapino.fi",11EUR,in stock,1607490216893_216302,,,1970-01-29T00:00+00:00/1970-01-30T23:59+00:00,11EUR,new,published,,,,,,,
1607490200155_216300,"Elämän eheyteen Uuden Valamon vaiheita ja tulevaisuuden näköaloja","Elämän eheyteen Uuden Valamon vaiheita ja tulevaisuuden näköaloja",https://res.cloudinary.com/dolyfnals/images/v1607490212/1193_Elaman_eheyteen_2016328113053/1193_Elaman_eheyteen_2016328113053.jpg,https://dev1.kirjapino.fi/product/elaman-eheyteen-uuden-valamon-vaiheita-ja-tulevaisuuden-nakoaloja/,"Uskonto","kirjapino.fi",13EUR,in stock,1607490200155_216300,,,1970-01-29T00:00+00:00/1970-01-30T23:59+00:00,13EUR,new,published,,,,,,,
1607490182076_216298,"Ilo-Laulu Jesuxesta...1690 - Otavan joulukirja 1962","Ilo-Laulu Jesuxesta...1690 - Otavan joulukirja 1962",https://res.cloudinary.com/dolyfnals/images/v1607490201/1193_swu496_201649182713/1193_swu496_201649182713.jpg,https://dev1.kirjapino.fi/product/ilo-laulu-jesuxesta-1690-otavan-joulukirja-1962/,"Uskonto","kirjapino.fi",10EUR,in stock,1607490182076_216298,,,1970-01-29T00:00+00:00/1970-01-30T23:59+00:00,10EUR,new,published,,,,,,,
1607490163595_216296,"Investigatio Memoriae Patrum libellus in honorem Kauko Pirinen","Investigatio Memoriae Patrum libellus in honorem Kauko Pirinen",https://res.cloudinary.com/dolyfnals/images/v1607490177/1193_swu500_201649182952/1193_swu500_201649182952.jpg,https://dev1.kirjapino.fi/product/investigatio-memoriae-patrum-libellus-in-honorem-kauko-pirinen/,"Uskonto","kirjapino.fi",15EUR,in stock,1607490163595_216296,,,1970-01-29T00:00+00:00/1970-01-30T23:59+00:00,15EUR,new,published,,,,,,,
1607490145031_216294,"Kointähti Herran tulemusta odottaville.","Kointähti Herran tulemusta odottaville.",https://res.cloudinary.com/dolyfnals/images/v1607490168/1193_swu509_2016416125939/1193_swu509_2016416125939.jpg,https://dev1.kirjapino.fi/product/kointahti-herran-tulemusta-odottaville/,"Uskonto","kirjapino.fi",10EUR,in stock,1607490145031_216294,,,1970-01-29T00:00+00:00/1970-01-30T23:59+00:00,10EUR,new,published,,,,,,,
1607490127888_216292,"Finlands kyrka i bilder","Ensimmäisen sivun yläreunassa aiemman omistajan nimi ja kannessa pieni reikä.",https://res.cloudinary.com/dolyfnals/images/v1607490141/1193_swu288_20164412356/1193_swu288_20164412356.jpg,https://dev1.kirjapino.fi/product/finlands-kyrka-i-bilder/,"Uskonto","kirjapino.fi",11EUR,in stock,1607490127888_216292,,,1970-01-29T00:00+00:00/1970-01-30T23:59+00:00,11EUR,new,published,,,,,,,
1607490113246_216290,"Meillä on lunastus Saarna SEY:n 60-vuotisjuhlassa","Meillä on lunastus Saarna SEY:n 60-vuotisjuhlassa",https://res.cloudinary.com/dolyfnals/images/v1607490122/1193_swt806_201632719348/1193_swt806_201632719348.jpg,https://dev1.kirjapino.fi/product/meilla-on-lunastus-saarna-seyn-60-vuotisjuhlassa/,"Uskonto","kirjapino.fi",10EUR,in stock,1607490113246_216290,,,1970-01-29T00:00+00:00/1970-01-30T23:59+00:00,10EUR,new,published,,,,,,,
1607490094961_216288,"Kristinusko ja buddhalaisuus toisiinsa verrattuna","Kristinusko ja buddhalaisuus toisiinsa verrattuna",https://res.cloudinary.com/dolyfnals/images/v1607490109/1193_swu248_20164411293/1193_swu248_20164411293.jpg,https://dev1.kirjapino.fi/product/kristinusko-ja-buddhalaisuus-toisiinsa-verrattuna/,"Uskonto","kirjapino.fi",11EUR,in stock,1607490094961_216288,,,1970-01-29T00:00+00:00/1970-01-30T23:59+00:00,11EUR,new,published,,,,,,,
1607490081719_216286,"Lutherin Vähän Katekismuksen kolmannen uskonkappaleen katekeetillinen käsitteleminen erittäin silmällä pitäen Lutherin omaa ajatusta","Väitöskirja",https://res.cloudinary.com/dolyfnals/images/v1607490111/1193_swt827_201632719507/1193_swt827_201632719507.jpg,https://dev1.kirjapino.fi/product/lutherin-vahan-katekismuksen-kolmannen-uskonkappaleen-katekeetillinen-kasitteleminen-erittain-silmalla-pitaen-lutherin-omaa-ajatusta/,"Uskonto","kirjapino.fi",17EUR,in stock,1607490081719_216286,,,1970-01-29T00:00+00:00/1970-01-30T23:59+00:00,17EUR,new,published,,,,,,,
1607490066477_216284,"Kun kivet huutavat Kuvia Kiinan kentältä","Kun kivet huutavat Kuvia Kiinan kentältä",https://res.cloudinary.com/dolyfnals/images/v1607490084/1193_swu818_2016419134158/1193_swu818_2016419134158.jpg,https://dev1.kirjapino.fi/product/kun-kivet-huutavat-kuvia-kiinan-kentalta/,"Uskonto","kirjapino.fi",11EUR,in stock,1607490066477_216284,,,1970-01-29T00:00+00:00/1970-01-30T23:59+00:00,11EUR,new,published,,,,,,,
1607490051492_216282,"Raamatussa mainittuja mittoja ja juhlia","Raamatussa mainittuja mittoja ja juhlia",https://res.cloudinary.com/dolyfnals/images/v1607490064/1193_swt673_2016327112255/1193_swt673_2016327112255.jpg,https://dev1.kirjapino.fi/product/raamatussa-mainittuja-mittoja-ja-juhlia/,"Uskonto","kirjapino.fi",13EUR,in stock,1607490051492_216282,,,1970-01-29T00:00+00:00/1970-01-30T23:59+00:00,13EUR,new,published,,,,,,,
1607490033267_216280,"Christlig religionslåra enligt den Evangeliska Kyrkans lärobegrepp","Christlig religionslåra enligt den Evangeliska Kyrkans lärobegrepp",https://res.cloudinary.com/dolyfnals/images/v1607490052/1193_swp756_2016410124144/1193_swp756_2016410124144.jpg,https://dev1.kirjapino.fi/product/christlig-religionslara-enligt-den-evangeliska-kyrkans-larobegrepp/,"Uskonto","kirjapino.fi",25EUR,in stock,1607490033267_216280,,,1970-01-29T00:00+00:00/1970-01-30T23:59+00:00,25EUR,new,published,,,,,,,
1607490016177_216278,"Kohti kristillistä kulttuuria","Kohti kristillistä kulttuuria",https://res.cloudinary.com/dolyfnals/images/v1607490052/1193_swu874_2016419143550/1193_swu874_2016419143550.jpg,https://dev1.kirjapino.fi/product/kohti-kristillista-kulttuuria/,"Uskonto","kirjapino.fi",11EUR,in stock,1607490016177_216278,,,1970-01-29T00:00+00:00/1970-01-30T23:59+00:00,11EUR,new,published,,,,,,,
1607490001635_216276,"Nainen jonka minulle annoit - Kirja raamatun naisista","Nainen jonka minulle annoit - Kirja raamatun naisista",https://res.cloudinary.com/dolyfnals/images/v1607490021/1193_swu853_2016419142359/1193_swu853_2016419142359.jpg,https://dev1.kirjapino.fi/product/nainen-jonka-minulle-annoit-kirja-raamatun-naisista/,"Uskonto","kirjapino.fi",11EUR,in stock,1607490001635_216276,,,1970-01-29T00:00+00:00/1970-01-30T23:59+00:00,11EUR,new,published,,,,,,,
1607489984637_216274,"Ahdistusta Martti Luther-romaani I","Kansilehti 3 cm matkalta irti.",https://res.cloudinary.com/dolyfnals/images/v1607489995/1193_swu821_2016419134415/1193_swu821_2016419134415.jpg,https://dev1.kirjapino.fi/product/ahdistusta-martti-luther-romaani-i/,"Uskonto","kirjapino.fi",13EUR,in stock,1607489984637_216274,,,1970-01-29T00:00+00:00/1970-01-30T23:59+00:00,13EUR,new,published,,,,,,,
1607489969317_216272,"Kotimaan kalenteri 1943","Kotimaan kalenteri 1943",https://res.cloudinary.com/dolyfnals/images/v1607489988/1193_swu809_2016419133717/1193_swu809_2016419133717.jpg,https://dev1.kirjapino.fi/product/kotimaan-kalenteri-1943/,"Uskonto","kirjapino.fi",12EUR,in stock,1607489969317_216272,,,1970-01-29T00:00+00:00/1970-01-30T23:59+00:00,12EUR,new,published,,,,,,,
1607489953176_216270,"Kotimatkalla Evankelinen kalenteri vuodelle 1926","Kotimatkalla Evankelinen kalenteri vuodelle 1926",https://res.cloudinary.com/dolyfnals/images/v1607489965/1193_swu807_2016419133441/1193_swu807_2016419133441.jpg,https://dev1.kirjapino.fi/product/kotimatkalla-evankelinen-kalenteri-vuodelle-1926/,"Uskonto","kirjapino.fi",11EUR,in stock,1607489953176_216270,,,1970-01-29T00:00+00:00/1970-01-30T23:59+00:00,11EUR,new,published,,,,,,,
1607489940493_216268,"Kaksi Piispaa Lauri Ingman & Jaakko Gummerus","Ensimmäisen sivun yläreunassa aiemman omistajan nimi.",https://res.cloudinary.com/dolyfnals/images/v1607489966/1193_swu755_2016418175910/1193_swu755_2016418175910.jpg,https://dev1.kirjapino.fi/product/kaksi-piispaa-lauri-ingman-jaakko-gummerus/,"Uskonto","kirjapino.fi",15EUR,in stock,1607489940493_216268,,,1970-01-29T00:00+00:00/1970-01-30T23:59+00:00,15EUR,new,published,,,,,,,
1607489920319_216266,"Kunniaksi Luojan Virsirunoutta ja suurten mestarien taidetta","Kansipaperi hieman kulunut, muilta osin virheetön kunto.",https://res.cloudinary.com/dolyfnals/images/v1607489936/1193_swu690_20164162042/1193_swu690_20164162042.jpg,https://dev1.kirjapino.fi/product/kunniaksi-luojan-virsirunoutta-ja-suurten-mestarien-taidetta/,"Uskonto","kirjapino.fi",13EUR,in stock,1607489920319_216266,,,1970-01-29T00:00+00:00/1970-01-30T23:59+00:00,13EUR,new,published,,,,,,,
1607489905274_216264,"Valtiokirkosta kansankirkoksi Suomen kirkon vastaus kahdeksankymmentäluvun haasteeseen","Valtiokirkosta kansankirkoksi Suomen kirkon vastaus kahdeksankymmentäluvun haasteeseen",https://res.cloudinary.com/dolyfnals/images/v1607489923/1193_swu602_201641615335/1193_swu602_201641615335.jpg,https://dev1.kirjapino.fi/product/valtiokirkosta-kansankirkoksi-suomen-kirkon-vastaus-kahdeksankymmentaluvun-haasteeseen/,"Uskonto","kirjapino.fi",13EUR,in stock,1607489905274_216264,,,1970-01-29T00:00+00:00/1970-01-30T23:59+00:00,13EUR,new,published,,,,,,,
1607489890017_216262,"Tosi miehinen ratkaisu","Tosi miehinen ratkaisu",https://res.cloudinary.com/dolyfnals/images/v1607489901/1193_swu575_2016416135155/1193_swu575_2016416135155.jpg,https://dev1.kirjapino.fi/product/tosi-miehinen-ratkaisu/,"Uskonto","kirjapino.fi",11EUR,in stock,1607489890017_216262,,,1970-01-29T00:00+00:00/1970-01-30T23:59+00:00,11EUR,new,published,,,,,,,
1607489873009_216260,"Muutoksen päiväkirja","Muutoksen päiväkirja",https://res.cloudinary.com/dolyfnals/images/v1607489884/1193_swu573_2016416135047/1193_swu573_2016416135047.jpg,https://dev1.kirjapino.fi/product/muutoksen-paivakirja/,"Uskonto","kirjapino.fi",11EUR,in stock,1607489873009_216260,,,1970-01-29T00:00+00:00/1970-01-30T23:59+00:00,11EUR,new,published,,,,,,,
1607489858686_216258,"Kristikansan kalenteri 1925","Kristikansan kalenteri 1925",https://res.cloudinary.com/dolyfnals/images/v1607489869/1193_swu525_2016416131312/1193_swu525_2016416131312.jpg,https://dev1.kirjapino.fi/product/kristikansan-kalenteri-1925/,"Uskonto","kirjapino.fi",13EUR,in stock,1607489858686_216258,,,1970-01-29T00:00+00:00/1970-01-30T23:59+00:00,13EUR,new,published,,,,,,,
1607489844136_216256,"Minua on johdatettu - Punavuorelta Tuomiokirkkoon","Ensimmäisen sivun yläreunassa aiemman omistajan nimi.",https://res.cloudinary.com/dolyfnals/images/v1607489871/1193_swu412_20164915523/1193_swu412_20164915523.jpg,https://dev1.kirjapino.fi/product/minua-on-johdatettu-punavuorelta-tuomiokirkkoon/,"Uskonto","kirjapino.fi",11EUR,in stock,1607489844136_216256,,,1970-01-29T00:00+00:00/1970-01-30T23:59+00:00,11EUR,new,published,,,,,,,
1607489830001_216254,"Kristinusko ja Uudelleen ruumillistuminen","Kristinusko ja Uudelleen ruumillistuminen",https://res.cloudinary.com/dolyfnals/images/v1607489841/1193_swu184_20164316348/1193_swu184_20164316348.jpg,https://dev1.kirjapino.fi/product/kristinusko-ja-uudelleen-ruumillistuminen/,"Uskonto","kirjapino.fi",15EUR,in stock,1607489830001_216254,,,1970-01-29T00:00+00:00/1970-01-30T23:59+00:00,15EUR,new,published,,,,,,,
1607489813688_216252,"Kristinusko ja historia","Kristinusko ja historia",https://res.cloudinary.com/dolyfnals/images/v1607489823/1193_swt808_2016327193614/1193_swt808_2016327193614.jpg,https://dev1.kirjapino.fi/product/kristinusko-ja-historia/,"Uskonto","kirjapino.fi",10EUR,in stock,1607489813688_216252,,,1970-01-29T00:00+00:00/1970-01-30T23:59+00:00,10EUR,new,published,,,,,,,
1607489796786_216250,"En Christens Resa genom werlden till den saliga ewigheten","En Christens Resa genom werlden till den saliga ewigheten",https://res.cloudinary.com/dolyfnals/images/v1607489810/1193_swt803_2016327193124/1193_swt803_2016327193124.jpg,https://dev1.kirjapino.fi/product/en-christens-resa-genom-werlden-till-den-saliga-ewigheten/,"Uskonto","kirjapino.fi",25EUR,in stock,1607489796786_216250,,,1970-01-29T00:00+00:00/1970-01-30T23:59+00:00,25EUR,new,published,,,,,,,
1607489776090_216248,"Me ja maailmankaikkeus Tutkielmia elämän ja uskonnon alalta.","Me ja maailmankaikkeus Tutkielmia elämän ja uskonnon alalta.",https://res.cloudinary.com/dolyfnals/images/v1607489788/1193_swt818_2016327192354/1193_swt818_2016327192354.jpg,https://dev1.kirjapino.fi/product/me-ja-maailmankaikkeus-tutkielmia-elaman-ja-uskonnon-alalta/,"Uskonto","kirjapino.fi",15EUR,in stock,1607489776090_216248,,,1970-01-29T00:00+00:00/1970-01-30T23:59+00:00,15EUR,new,published,,,,,,,
1607489758838_216246,"Pyhä sota eli kertomus Shaddain taistelusta Diabolusta vastaan valloittaaksensa häneltä takaisin Ihmissielun kaupungin","Pyhä sota eli kertomus Shaddain taistelusta Diabolusta vastaan valloittaaksensa häneltä takaisin Ihmissielun kaupungin",https://res.cloudinary.com/dolyfnals/images/v1607489786/1193_swt780_2016327155127/1193_swt780_2016327155127.jpg,https://dev1.kirjapino.fi/product/pyha-sota-eli-kertomus-shaddain-taistelusta-diabolusta-vastaan-valloittaaksensa-hanelta-takaisin-ihmissielun-kaupungin-2/,"Uskonto","kirjapino.fi",15EUR,in stock,1607489758838_216246,,,1970-01-29T00:00+00:00/1970-01-30T23:59+00:00,15EUR,new,published,,,,,,,
1607489741886_216244,"Muukalaisten kotielämä  -  Rukouskirja","Muukalaisten kotielämä  -  Rukouskirja",https://res.cloudinary.com/dolyfnals/images/v1607489758/1193_swt686_2016327115454/1193_swt686_2016327115454.jpg,https://dev1.kirjapino.fi/product/muukalaisten-kotielama-rukouskirja/,"Uskonto","kirjapino.fi",13EUR,in stock,1607489741886_216244,,,1970-01-29T00:00+00:00/1970-01-30T23:59+00:00,13EUR,new,published,,,,,,,
1607489719589_216242,"Raamatun kuvatieto","Aiemman omistajan nimi (kääntäjä Anna-Liisa Laine)",https://res.cloudinary.com/dolyfnals/images/v1607489751/1193_swt657_2016326155441/1193_swt657_2016326155441.jpg,https://dev1.kirjapino.fi/product/raamatun-kuvatieto/,"Uskonto","kirjapino.fi",15EUR,in stock,1607489719589_216242,,,1970-01-29T00:00+00:00/1970-01-30T23:59+00:00,15EUR,new,published,,,,,,,
1607489706109_216240,"Apostolien tekoja ja kirjeitä - Uusi suomennos selityksin","Etukannen sisäpuolella aiemman omistajan exlibris.",https://res.cloudinary.com/dolyfnals/images/v1607489722/1193_swt636_2016326151941/1193_swt636_2016326151941.jpg,https://dev1.kirjapino.fi/product/apostolien-tekoja-ja-kirjeita-uusi-suomennos-selityksin/,"Uskonto","kirjapino.fi",11EUR,in stock,1607489706109_216240,,,1970-01-29T00:00+00:00/1970-01-30T23:59+00:00,11EUR,new,published,,,,,,,
1607489693177_216238,"Intohimona jalkapallo","Intohimona jalkapallo",https://res.cloudinary.com/dolyfnals/images/v1607489703/nnl334/nnl334.jpg,https://dev1.kirjapino.fi/product/intohimona-jalkapallo/,"Urheilu","kirjapino.fi",11EUR,in stock,1607489693177_216238,,,1970-01-29T00:00+00:00/1970-01-30T23:59+00:00,11EUR,new,published,,,,,,,
1607489680361_216236,"Seutulasta Melbourneen ja takaisin","Seutulasta Melbourneen ja takaisin",https://res.cloudinary.com/dolyfnals/images/v1607489689/nnj608/nnj608.jpg,https://dev1.kirjapino.fi/product/seutulasta-melbourneen-ja-takaisin/,"Urheilu","kirjapino.fi",12EUR,in stock,1607489680361_216236,,,1970-01-29T00:00+00:00/1970-01-30T23:59+00:00,12EUR,new,published,,,,,,,
1607489664974_216234,"Jukolan viestin tarina 1949-1988 Venlojen juoksu 1951-1977 Venlojen viesti 1978-1988","Hämeenlinnan sotilaskodin poistoleimat.",https://res.cloudinary.com/dolyfnals/images/v1607489679/nnk978/nnk978.jpg,https://dev1.kirjapino.fi/product/jukolan-viestin-tarina-1949-1988-venlojen-juoksu-1951-1977-venlojen-viesti-1978-1988/,"Urheilu","kirjapino.fi",15EUR,in stock,1607489664974_216234,,,1970-01-29T00:00+00:00/1970-01-30T23:59+00:00,15EUR,new,published,,,,,,,
1607489653040_216232,"Olli Mäki Nyrkkeilijä Teräviä iskuja kehän kulmilta","Olli Mäki Nyrkkeilijä Teräviä iskuja kehän kulmilta",https://res.cloudinary.com/dolyfnals/images/v1607489668/nnk533/nnk533.jpg,https://dev1.kirjapino.fi/product/olli-maki-nyrkkeilija-teravia-iskuja-kehan-kulmilta/,"Urheilu","kirjapino.fi",15EUR,in stock,1607489653040_216232,,,1970-01-29T00:00+00:00/1970-01-30T23:59+00:00,15EUR,new,published,,,,,,,
1607489633710_216228,"Elin Kallio Suomen naisvoimistelun äiti","Elin Kallio Suomen naisvoimistelun äiti",https://res.cloudinary.com/dolyfnals/images/v1607489642/nnk301/nnk301.jpg,https://dev1.kirjapino.fi/product/elin-kallio-suomen-naisvoimistelun-aiti/,"Urheilu","kirjapino.fi",13EUR,in stock,1607489633710_216228,,,1970-01-29T00:00+00:00/1970-01-30T23:59+00:00,13EUR,new,published,,,,,,,
1607489624277_216226,"Dopingin musta kirja Suomen maastohiihdon katastrofaalinen häpeä","Dopingin musta kirja Suomen maastohiihdon katastrofaalinen häpeä",https://res.cloudinary.com/dolyfnals/images/v1607489634/nnk177/nnk177.jpg,https://dev1.kirjapino.fi/product/dopingin-musta-kirja-suomen-maastohiihdon-katastrofaalinen-hapea/,"Urheilu","kirjapino.fi",13EUR,in stock,1607489624277_216226,,,1970-01-29T00:00+00:00/1970-01-30T23:59+00:00,13EUR,new,published,,,,,,,
1607489610226_216224,"XV Olympiakisat Helsingissä 1952 - Järjestelytoimikunnan virallinen kertomus","XV Olympiakisat Helsingissä 1952 - Järjestelytoimikunnan virallinen kertomus",https://res.cloudinary.com/dolyfnals/images/v1607489629/1193_swu784_2016418181510/1193_swu784_2016418181510.jpg,https://dev1.kirjapino.fi/product/xv-olympiakisat-helsingissa-1952-jarjestelytoimikunnan-virallinen-kertomus-2/,"Urheilu","kirjapino.fi",25EUR,in stock,1607489610226_216224,,,1970-01-29T00:00+00:00/1970-01-30T23:59+00:00,25EUR,new,published,,,,,,,
1607489597405_216222,"Yhtä ja toista Simeonin silmäkulmasta Kevyttä ja vakavaa pakinaa urheilusta.","Yhtä ja toista Simeonin silmäkulmasta Kevyttä ja vakavaa pakinaa urheilusta.",https://res.cloudinary.com/dolyfnals/images/v1607489614/nnk111/nnk111.jpg,https://dev1.kirjapino.fi/product/yhta-ja-toista-simeonin-silmakulmasta-kevytta-ja-vakavaa-pakinaa-urheilusta/,"Urheilu","kirjapino.fi",15EUR,in stock,1607489597405_216222,,,1970-01-29T00:00+00:00/1970-01-30T23:59+00:00,15EUR,new,published,,,,,,,
1607489587891_216220,"Urheilun avain Rata- ja kenttäurheilutyylien periaatteet ja niiden noudattaminen urheilusuorituksissa","Urheilun avain Rata- ja kenttäurheilutyylien periaatteet ja niiden noudattaminen urheilusuorituksissa",https://res.cloudinary.com/dolyfnals/images/v1607489604/nnj770/nnj770.jpg,https://dev1.kirjapino.fi/product/urheilun-avain-rata-ja-kenttaurheilutyylien-periaatteet-ja-niiden-noudattaminen-urheilusuorituksissa/,"Urheilu","kirjapino.fi",13EUR,in stock,1607489587891_216220,,,1970-01-29T00:00+00:00/1970-01-30T23:59+00:00,13EUR,new,published,,,,,,,
1607489575232_216218,"Rillit pois ja riman yli Urho Kekkonen urheilumiehenä","Rillit pois ja riman yli Urho Kekkonen urheilumiehenä",https://res.cloudinary.com/dolyfnals/images/v1607489606/nnj689/nnj689.jpg,https://dev1.kirjapino.fi/product/rillit-pois-ja-riman-yli-urho-kekkonen-urheilumiehena/,"Urheilu","kirjapino.fi",12EUR,in stock,1607489575232_216218,,,1970-01-29T00:00+00:00/1970-01-30T23:59+00:00,12EUR,new,published,,,,,,,
1607489562800_216216,"Olympialaispoikia Suur-urheilijamme kehitystarinoita","Olympialaispoikia Suur-urheilijamme kehitystarinoita",https://res.cloudinary.com/dolyfnals/images/v1607489579/nnj600/nnj600.jpg,https://dev1.kirjapino.fi/product/olympialaispoikia-suur-urheilijamme-kehitystarinoita/,"Urheilu","kirjapino.fi",12EUR,in stock,1607489562800_216216,,,1970-01-29T00:00+00:00/1970-01-30T23:59+00:00,12EUR,new,published,,,,,,,
1607489549047_216214,"Sinivalkoinen ääni Urheilun ja radion veljeydessä","Sinivalkoinen ääni Urheilun ja radion veljeydessä",https://res.cloudinary.com/dolyfnals/images/v1607489573/nnj530/nnj530.jpg,https://dev1.kirjapino.fi/product/sinivalkoinen-aani-urheilun-ja-radion-veljeydessa/,"Urheilu","kirjapino.fi",12EUR,in stock,1607489549047_216214,,,1970-01-29T00:00+00:00/1970-01-30T23:59+00:00,12EUR,new,published,,,,,,,
1607489537132_216212,"Ikinuori kasikymppinen 35 tarinaa PK-35 80 v. 1935-2015","Ikinuori kasikymppinen 35 tarinaa PK-35 80 v. 1935-2015",https://res.cloudinary.com/dolyfnals/images/v1607489570/Pakkanen_Ikinuori_kasikymppinen/Pakkanen_Ikinuori_kasikymppinen.jpg,https://dev1.kirjapino.fi/product/ikinuori-kasikymppinen-35-tarinaa-pk-35-80-v-1935-2015/,"Urheilu","kirjapino.fi",15EUR,in stock,1607489537132_216212,,,1970-01-29T00:00+00:00/1970-01-30T23:59+00:00,15EUR,new,published,,,,,,,
1607489526595_216210,"Aikalisä Urheilun elämä ja totuus","Aikalisä Urheilun elämä ja totuus",https://res.cloudinary.com/dolyfnals/images/v1607489543/nnj351/nnj351.jpg,https://dev1.kirjapino.fi/product/aikalisa-urheilun-elama-ja-totuus/,"Urheilu","kirjapino.fi",13EUR,in stock,1607489526595_216210,,,1970-01-29T00:00+00:00/1970-01-30T23:59+00:00,13EUR,new,published,,,,,,,
1607489516257_216208,"Suomen hiihto","Suomen hiihto",https://res.cloudinary.com/dolyfnals/images/v1607489544/1193_swu372_201644183933/1193_swu372_201644183933.jpg,https://dev1.kirjapino.fi/product/suomen-hiihto/,"Urheilu","kirjapino.fi",13EUR,in stock,1607489516257_216208,,,1970-01-29T00:00+00:00/1970-01-30T23:59+00:00,13EUR,new,published,,,,,,,
1607489503325_216206,"Super Karate","Super Karate",https://res.cloudinary.com/dolyfnals/images/v1607489517/1193_swu751_2016418175555/1193_swu751_2016418175555.jpg,https://dev1.kirjapino.fi/product/super-karate/,"Urheilu","kirjapino.fi",15EUR,in stock,1607489503325_216206,,,1970-01-29T00:00+00:00/1970-01-30T23:59+00:00,15EUR,new,published,,,,,,,
1607489494157_216204,"Kotipihan urheiluopas","Kotipihan urheiluopas",https://res.cloudinary.com/dolyfnals/images/v1607489510/1193_swu856_2016419142544/1193_swu856_2016419142544.jpg,https://dev1.kirjapino.fi/product/kotipihan-urheiluopas/,"Urheilu","kirjapino.fi",11EUR,in stock,1607489494157_216204,,,1970-01-29T00:00+00:00/1970-01-30T23:59+00:00,11EUR,new,published,,,,,,,
1607489479626_216202,"Jäälle! Opas retkiluisteluun ja jäällä liikkumiseen","Jäälle! Opas retkiluisteluun ja jäällä liikkumiseen",https://res.cloudinary.com/dolyfnals/images/v1607489511/1193_swu631_2016416163243/1193_swu631_2016416163243.jpg,https://dev1.kirjapino.fi/product/jaalle-opas-retkiluisteluun-ja-jaalla-liikkumiseen-2/,"Urheilu","kirjapino.fi",15EUR,in stock,1607489479626_216202,,,1970-01-29T00:00+00:00/1970-01-30T23:59+00:00,15EUR,new,published,,,,,,,
1607489469183_216200,"Ensimmäiset työväen olympialaiset v.1925","Ensimmäisellä sivulla aiemman omistajan nimi. Etukannen sisäpuolella ex libris. Hieman löysä sidos.",https://res.cloudinary.com/dolyfnals/images/v1607489487/1193_swu651_201641619842/1193_swu651_201641619842.jpg,https://dev1.kirjapino.fi/product/ensimmaiset-tyovaen-olympialaiset-v-1925/,"Urheilu","kirjapino.fi",15EUR,in stock,1607489469183_216200,,,1970-01-29T00:00+00:00/1970-01-30T23:59+00:00,15EUR,new,published,,,,,,,
1607489458597_216198,"70 vuotta suomalaista painia 1906 - 1971.","70 vuotta suomalaista painia 1906 - 1971.",https://res.cloudinary.com/dolyfnals/images/v1607489487/1193_swu639_2016416185825/1193_swu639_2016416185825.jpg,https://dev1.kirjapino.fi/product/70-vuotta-suomalaista-painia-1906-1971/,"Urheilu","kirjapino.fi",11EUR,in stock,1607489458597_216198,,,1970-01-29T00:00+00:00/1970-01-30T23:59+00:00,11EUR,new,published,,,,,,,
1607489445334_216196,"Käsi kädessä Voimisteluohjelmia.","Käsi kädessä Voimisteluohjelmia.",https://res.cloudinary.com/dolyfnals/images/v1607489458/1193_swu586_201641615199/1193_swu586_201641615199.jpg,https://dev1.kirjapino.fi/product/kasi-kadessa-voimisteluohjelmia-2/,"Urheilu","kirjapino.fi",11EUR,in stock,1607489445334_216196,,,1970-01-29T00:00+00:00/1970-01-30T23:59+00:00,11EUR,new,published,,,,,,,
1607489434953_216194,"Keilaa oikein Bowlingpelin oppikirja","Kannessa pieni vika.",https://res.cloudinary.com/dolyfnals/images/v1607489450/1193_swu517_201641613727/1193_swu517_201641613727.jpg,https://dev1.kirjapino.fi/product/keilaa-oikein-bowlingpelin-oppikirja/,"Urheilu","kirjapino.fi",13EUR,in stock,1607489434953_216194,,,1970-01-29T00:00+00:00/1970-01-30T23:59+00:00,13EUR,new,published,,,,,,,
1607489421254_216192,"Kultaiset kengät Suomen yleisurheilun vuosisata","Kultaiset kengät Suomen yleisurheilun vuosisata",https://res.cloudinary.com/dolyfnals/images/v1607489448/1193_swu356_201644181643/1193_swu356_201644181643.jpg,https://dev1.kirjapino.fi/product/kultaiset-kengat-suomen-yleisurheilun-vuosisata/,"Urheilu","kirjapino.fi",20EUR,in stock,1607489421254_216192,,,1970-01-29T00:00+00:00/1970-01-30T23:59+00:00,20EUR,new,published,,,,,,,
1607489411045_216190,"HS-tähdet. Vuosisadan 100 parasta urheilijaa.","HS-tähdet. Vuosisadan 100 parasta urheilijaa.",https://res.cloudinary.com/dolyfnals/images/v1607489425/1193_swu355_201644181612/1193_swu355_201644181612.jpg,https://dev1.kirjapino.fi/product/hs-tahdet-vuosisadan-100-parasta-urheilijaa-3/,"Urheilu","kirjapino.fi",15EUR,in stock,1607489411045_216190,,,1970-01-29T00:00+00:00/1970-01-30T23:59+00:00,15EUR,new,published,,,,,,,
1607489401145_216188,"HIFK 2007 Vuosikirja 2006-2007","HIFK 2007 Vuosikirja 2006-2007",https://res.cloudinary.com/dolyfnals/images/v1607489426/1193_swu279_201644115019/1193_swu279_201644115019.jpg,https://dev1.kirjapino.fi/product/hifk-2007-vuosikirja-2006-2007/,"Urheilu","kirjapino.fi",12EUR,in stock,1607489401145_216188,,,1970-01-29T00:00+00:00/1970-01-30T23:59+00:00,12EUR,new,published,,,,,,,
1607489388298_216186,"HIFK 2005 Vuosikirja 2004-2005","HIFK 2005 Vuosikirja 2004-2005",https://res.cloudinary.com/dolyfnals/images/v1607489399/1193_swu280_201644114945/1193_swu280_201644114945.jpg,https://dev1.kirjapino.fi/product/hifk-2005-vuosikirja-2004-2005/,"Urheilu","kirjapino.fi",13EUR,in stock,1607489388298_216186,,,1970-01-29T00:00+00:00/1970-01-30T23:59+00:00,13EUR,new,published,,,,,,,
1607489368847_216184,"Hiihtäjän kalenteri 1940","Hiihtäjän kalenteri 1940",https://res.cloudinary.com/dolyfnals/images/v1607489388/1193_swu237_201644112229/1193_swu237_201644112229.jpg,https://dev1.kirjapino.fi/product/hiihtajan-kalenteri-1940-2/,"Urheilu","kirjapino.fi",12EUR,in stock,1607489368847_216184,,,1970-01-29T00:00+00:00/1970-01-30T23:59+00:00,12EUR,new,published,,,,,,,
1607489357970_216182,"Urheilukalenteri XVII 1930","Kannessa pientä vikaa.",https://res.cloudinary.com/dolyfnals/images/v1607489374/1193_swu225_201644111049/1193_swu225_201644111049.jpg,https://dev1.kirjapino.fi/product/urheilukalenteri-xvii-1930/,"Urheilu","kirjapino.fi",13EUR,in stock,1607489357970_216182,,,1970-01-29T00:00+00:00/1970-01-30T23:59+00:00,13EUR,new,published,,,,,,,
1607489349048_216180,"Ninjutsu Tecnicas superiores.","Ninjutsu Tecnicas superiores.",https://res.cloudinary.com/dolyfnals/images/v1607489367/1193_090_201442312354/1193_090_201442312354.jpg,https://dev1.kirjapino.fi/product/ninjutsu-tecnicas-superiores/,"Urheilu","kirjapino.fi",17EUR,in stock,1607489349048_216180,,,1970-01-29T00:00+00:00/1970-01-30T23:59+00:00,17EUR,new,published,,,,,,,
1607489337007_216178,"Opi tennis helposti","Ensimmäisen sivun yläreunassa aiemman omistajan nimi.",https://res.cloudinary.com/dolyfnals/images/v1607489367/1193_swt689_2016327115712/1193_swt689_2016327115712.jpg,https://dev1.kirjapino.fi/product/opi-tennis-helposti/,"Urheilu","kirjapino.fi",11EUR,in stock,1607489337007_216178,,,1970-01-29T00:00+00:00/1970-01-30T23:59+00:00,11EUR,new,published,,,,,,,
1607489327870_216176,"Hyvät nyrkkeilyn ystävät.. Muistelmia suomalaisesta ammattinyrkkeilystä","Hyvät nyrkkeilyn ystävät.. Muistelmia suomalaisesta ammattinyrkkeilystä",https://res.cloudinary.com/dolyfnals/images/v1607489337/1193_swp656_2016326185654/1193_swp656_2016326185654.jpg,https://dev1.kirjapino.fi/product/hyvat-nyrkkeilyn-ystavat-muistelmia-suomalaisesta-ammattinyrkkeilysta-2/,"Urheilu","kirjapino.fi",11EUR,in stock,1607489327870_216176,,,1970-01-29T00:00+00:00/1970-01-30T23:59+00:00,11EUR,new,published,,,,,,,
1607489313291_216174,"Rendezvous in Space Soyuz Apollo An Account of the First Soviet-American Space Experiment 1975.","Rendezvous in Space Soyuz Apollo An Account of the First Soviet-American Space Experiment 1975.",https://res.cloudinary.com/dolyfnals/images/v1607489328/nnj349/nnj349.jpg,https://dev1.kirjapino.fi/product/rendezvous-in-space-soyuz-apollo-an-account-of-the-first-soviet-american-space-experiment-1975/,"Tähtitiede, avaruustutkimus","kirjapino.fi",13EUR,in stock,1607489313291_216174,,,1970-01-29T00:00+00:00/1970-01-30T23:59+00:00,13EUR,new,published,,,,,,,
1607489299650_216172,"Jännittävä avaruus","Jännittävä avaruus",https://res.cloudinary.com/dolyfnals/images/v1607489315/1193_swu735_201641713143/1193_swu735_201641713143.jpg,https://dev1.kirjapino.fi/product/jannittava-avaruus/,"Tähtitiede, avaruustutkimus","kirjapino.fi",10EUR,in stock,1607489299650_216172,,,1970-01-29T00:00+00:00/1970-01-30T23:59+00:00,10EUR,new,published,,,,,,,
1607489290190_216170,"Tähtitiede I-II","Tähtitiede I-II",https://res.cloudinary.com/dolyfnals/images/v1607489307/1193_swe445_201644155215/1193_swe445_201644155215.jpg,https://dev1.kirjapino.fi/product/tahtitiede-i-ii/,"Tähtitiede, avaruustutkimus","kirjapino.fi",23EUR,in stock,1607489290190_216170,,,1970-01-29T00:00+00:00/1970-01-30T23:59+00:00,23EUR,new,published,,,,,,,
1607489277556_216168,"Maailmankaikkeuden elämäkerta - Ikuisuuden fysiikkaa","Maailmankaikkeuden elämäkerta - Ikuisuuden fysiikkaa",https://res.cloudinary.com/dolyfnals/images/v1607489307/1193_swr180_2016326165057/1193_swr180_2016326165057.jpg,https://dev1.kirjapino.fi/product/maailmankaikkeuden-elamakerta-ikuisuuden-fysiikkaa/,"Tähtitiede, avaruustutkimus","kirjapino.fi",11EUR,in stock,1607489277556_216168,,,1970-01-29T00:00+00:00/1970-01-30T23:59+00:00,11EUR,new,published,,,,,,,
1607489262775_216166,"Pientalon tulisijat","Pientalon tulisijat",https://res.cloudinary.com/dolyfnals/images/v1607489277/nnk982/nnk982.jpg,https://dev1.kirjapino.fi/product/pientalon-tulisijat/,"Tekniikka","kirjapino.fi",13EUR,in stock,1607489262775_216166,,,1970-01-29T00:00+00:00/1970-01-30T23:59+00:00,13EUR,new,published,,,,,,,
1607489251655_216164,"Pentti Kaitera Mies joka siirsi Pohjois-Suomen tiedon ja tekniikan aikaan","Pentti Kaitera Mies joka siirsi Pohjois-Suomen tiedon ja tekniikan aikaan",https://res.cloudinary.com/dolyfnals/images/v1607489269/nnk963/nnk963.jpg,https://dev1.kirjapino.fi/product/pentti-kaitera-mies-joka-siirsi-pohjois-suomen-tiedon-ja-tekniikan-aikaan/,"Tekniikka","kirjapino.fi",20EUR,in stock,1607489251655_216164,,,1970-01-29T00:00+00:00/1970-01-30T23:59+00:00,20EUR,new,published,,,,,,,
1607489236436_216162,"Teräs asuntorakentamisessa","Teräs asuntorakentamisessa",https://res.cloudinary.com/dolyfnals/images/v1607489271/nnk954/nnk954.jpg,https://dev1.kirjapino.fi/product/teras-asuntorakentamisessa/,"Tekniikka","kirjapino.fi",13EUR,in stock,1607489236436_216162,,,1970-01-29T00:00+00:00/1970-01-30T23:59+00:00,13EUR,new,published,,,,,,,
1607489226491_216160,"Käytännön ja teorian välissä - Teknillisen opetuksen alku Suomessa","Käytännön ja teorian välissä - Teknillisen opetuksen alku Suomessa",https://res.cloudinary.com/dolyfnals/images/v1607489244/nnk899/nnk899.jpg,https://dev1.kirjapino.fi/product/kaytannon-ja-teorian-valissa-teknillisen-opetuksen-alku-suomessa-2/,"Tekniikka","kirjapino.fi",15EUR,in stock,1607489226491_216160,,,1970-01-29T00:00+00:00/1970-01-30T23:59+00:00,15EUR,new,published,,,,,,,
1607489214277_216158,"Sähkötekniikan ensimmäiset vuosikymmenet Oulun yliopistossa","Mukana CD.",https://res.cloudinary.com/dolyfnals/images/v1607489225/nnk894/nnk894.jpg,https://dev1.kirjapino.fi/product/sahkotekniikan-ensimmaiset-vuosikymmenet-oulun-yliopistossa/,"Tekniikka","kirjapino.fi",25EUR,in stock,1607489214277_216158,,,1970-01-29T00:00+00:00/1970-01-30T23:59+00:00,25EUR,new,published,,,,,,,
1607489202407_216156,"Metallien ja puun mekaninen teknologia","Metallien ja puun mekaninen teknologia",https://res.cloudinary.com/dolyfnals/images/v1607489218/nnk855/nnk855.jpg,https://dev1.kirjapino.fi/product/metallien-ja-puun-mekaninen-teknologia/,"Tekniikka","kirjapino.fi",30EUR,in stock,1607489202407_216156,,,1970-01-29T00:00+00:00/1970-01-30T23:59+00:00,30EUR,new,published,,,,,,,
1607489190616_216154,"Sotatekniikan kehitys tekniikan aloittain Sotatekninen arvio ja ennuste 1993 osa 1","Sotatekniikan kehitys tekniikan aloittain Sotatekninen arvio ja ennuste 1993 osa 1",https://res.cloudinary.com/dolyfnals/images/v1607489210/nnk517/nnk517.jpg,https://dev1.kirjapino.fi/product/sotatekniikan-kehitys-tekniikan-aloittain-sotatekninen-arvio-ja-ennuste-1993-osa-1/,"Tekniikka","kirjapino.fi",21EUR,in stock,1607489190616_216154,,,1970-01-29T00:00+00:00/1970-01-30T23:59+00:00,21EUR,new,published,,,,,,,
1607489177084_216152,"Metallien pinnoitteet ja pintakäsittely","Metallien pinnoitteet ja pintakäsittely",https://res.cloudinary.com/dolyfnals/images/v1607489191/nnk405/nnk405.jpg,https://dev1.kirjapino.fi/product/metallien-pinnoitteet-ja-pintakasittely/,"Tekniikka","kirjapino.fi",25EUR,in stock,1607489177084_216152,,,1970-01-29T00:00+00:00/1970-01-30T23:59+00:00,25EUR,new,published,,,,,,,
1607489162424_216150,"Kansallinen suuronnettomuus rakentamisen loppuraportti","Kansallinen suuronnettomuus rakentamisen loppuraportti",https://res.cloudinary.com/dolyfnals/images/v1607489189/nnk304/nnk304.jpg,https://dev1.kirjapino.fi/product/kansallinen-suuronnettomuus-rakentamisen-loppuraportti/,"Tekniikka","kirjapino.fi",13EUR,in stock,1607489162424_216150,,,1970-01-29T00:00+00:00/1970-01-30T23:59+00:00,13EUR,new,published,,,,,,,
1607489150819_216148,"Nykyajan keksintöjä - ja mitä niiltä odotamme","Nykyajan keksintöjä - ja mitä niiltä odotamme",https://res.cloudinary.com/dolyfnals/images/v1607489163/nnk225/nnk225.jpg,https://dev1.kirjapino.fi/product/nykyajan-keksintoja-ja-mita-niilta-odotamme/,"Tekniikka","kirjapino.fi",12EUR,in stock,1607489150819_216148,,,1970-01-29T00:00+00:00/1970-01-30T23:59+00:00,12EUR,new,published,,,,,,,
1607489138777_216146,"Ammattipiirustuksen perusteet","Ammattipiirustuksen perusteet",https://res.cloudinary.com/dolyfnals/images/v1607489151/1193_swu123_20164311532/1193_swu123_20164311532.jpg,https://dev1.kirjapino.fi/product/ammattipiirustuksen-perusteet/,"Tekniikka","kirjapino.fi",13EUR,in stock,1607489138777_216146,,,1970-01-29T00:00+00:00/1970-01-30T23:59+00:00,13EUR,new,published,,,,,,,
1607489125044_216144,"Suuri Suomalainen Tee Itse-käsikirja Kylpyhuone Virikkeet-Korjaukset-Saneeraukset","Suuri Suomalainen Tee Itse-käsikirja Kylpyhuone Virikkeet-Korjaukset-Saneeraukset",https://res.cloudinary.com/dolyfnals/images/v1607489152/1193_swu756_20164181805/1193_swu756_20164181805.jpg,https://dev1.kirjapino.fi/product/suuri-suomalainen-tee-itse-kasikirja-kylpyhuone-virikkeet-korjaukset-saneeraukset/,"Tekniikka","kirjapino.fi",13EUR,in stock,1607489125044_216144,,,1970-01-29T00:00+00:00/1970-01-30T23:59+00:00,13EUR,new,published,,,,,,,
1607489114193_216142,"Mobile Robots - Inspiration to Impelentation","Mobile Robots - Inspiration to Impelentation",https://res.cloudinary.com/dolyfnals/images/v1607489123/1193_swu630_2016416163129/1193_swu630_2016416163129.jpg,https://dev1.kirjapino.fi/product/mobile-robots-inspiration-to-impelentation/,"Tekniikka","kirjapino.fi",15EUR,in stock,1607489114193_216142,,,1970-01-29T00:00+00:00/1970-01-30T23:59+00:00,15EUR,new,published,,,,,,,
1607489104067_216140,"Nuo mainiot ajoneuvot","Nuo mainiot ajoneuvot",https://res.cloudinary.com/dolyfnals/images/v1607489124/1193_swu502_201649183112/1193_swu502_201649183112.jpg,https://dev1.kirjapino.fi/product/nuo-mainiot-ajoneuvot-3/,"Tekniikka","kirjapino.fi",15EUR,in stock,1607489104067_216140,,,1970-01-29T00:00+00:00/1970-01-30T23:59+00:00,15EUR,new,published,,,,,,,
1607489093583_216138,"The Penguin Car Handbook","The Penguin Car Handbook",https://res.cloudinary.com/dolyfnals/images/v1607489102/1193_swu466_20164918532/1193_swu466_20164918532.jpg,https://dev1.kirjapino.fi/product/the-penguin-car-handbook/,"Tekniikka","kirjapino.fi",13EUR,in stock,1607489093583_216138,,,1970-01-29T00:00+00:00/1970-01-30T23:59+00:00,13EUR,new,published,,,,,,,
1607489080831_216136,"Pientalon rakentamiskustannukset","Pientalon rakentamiskustannukset",https://res.cloudinary.com/dolyfnals/images/v1607489089/1193_swu352_201644181442/1193_swu352_201644181442.jpg,https://dev1.kirjapino.fi/product/pientalon-rakentamiskustannukset/,"Tekniikka","kirjapino.fi",13EUR,in stock,1607489080831_216136,,,1970-01-29T00:00+00:00/1970-01-30T23:59+00:00,13EUR,new,published,,,,,,,
1607489069601_216134,"Huoneistosauna","Huoneistosauna",https://res.cloudinary.com/dolyfnals/images/v1607489090/1193_swu315_201644174951/1193_swu315_201644174951.jpg,https://dev1.kirjapino.fi/product/huoneistosauna-2/,"Tekniikka","kirjapino.fi",17EUR,in stock,1607489069601_216134,,,1970-01-29T00:00+00:00/1970-01-30T23:59+00:00,17EUR,new,published,,,,,,,
1607489057393_216132,"Tube Trains under London. A short history of London Transport tube rolling stock.","Tube Trains under London. A short history of London Transport tube rolling stock.",https://res.cloudinary.com/dolyfnals/images/v1607489065/1193_swt837_201632719586/1193_swt837_201632719586.jpg,https://dev1.kirjapino.fi/product/tube-trains-under-london-a-short-history-of-london-transport-tube-rolling-stock/,"Tekniikka","kirjapino.fi",20EUR,in stock,1607489057393_216132,,,1970-01-29T00:00+00:00/1970-01-30T23:59+00:00,20EUR,new,published,,,,,,,
1607489032947_216130,"Ekologinen puutalo","Ensimmäisen sivun yläreunassa aiemman omistajan nimi.",https://res.cloudinary.com/dolyfnals/images/v1607489044/1193_swt756_2016327152516/1193_swt756_2016327152516.jpg,https://dev1.kirjapino.fi/product/ekologinen-puutalo-2/,"Tekniikka","kirjapino.fi",15EUR,in stock,1607489032947_216130,,,1970-01-29T00:00+00:00/1970-01-30T23:59+00:00,15EUR,new,published,,,,,,,
1607489019217_216128,"Näin ne toimivat. Polttomoottori ja 45 muuta laitetta.","Näin ne toimivat. Polttomoottori ja 45 muuta laitetta.",https://res.cloudinary.com/dolyfnals/images/v1607489030/1193_swt733_201632715650/1193_swt733_201632715650.jpg,https://dev1.kirjapino.fi/product/nain-ne-toimivat-polttomoottori-ja-45-muuta-laitetta/,"Tekniikka","kirjapino.fi",13EUR,in stock,1607489019217_216128,,,1970-01-29T00:00+00:00/1970-01-30T23:59+00:00,13EUR,new,published,,,,,,,
1607488995794_216126,"Yks perkele, yks enkeli","Yks perkele, yks enkeli",https://res.cloudinary.com/dolyfnals/images/v1607489013/nnl303/nnl303.jpg,https://dev1.kirjapino.fi/product/yks-perkele-yks-enkeli/,"Teatteri, näytelmät","kirjapino.fi",11EUR,in stock,1607488995794_216126,,,1970-01-29T00:00+00:00/1970-01-30T23:59+00:00,11EUR,new,published,,,,,,,
1607488986352_216124,"Kuppariakasta kuningattareksi Hilda Pihlajamäki - Ida Aahbergin manttelinperijä","Kuppariakasta kuningattareksi Hilda Pihlajamäki - Ida Aahbergin manttelinperijä",https://res.cloudinary.com/dolyfnals/images/v1607489006/nnl214/nnl214.jpg,https://dev1.kirjapino.fi/product/kuppariakasta-kuningattareksi-hilda-pihlajamaki-ida-aahbergin-manttelinperija/,"Teatteri, näytelmät","kirjapino.fi",12EUR,out of stock,1607488986352_216124,,,1970-01-29T00:00+00:00/1970-01-30T23:59+00:00,12EUR,new,staging,,,,,,,
1607488974782_216122,"Viipurin suomalainen kirjallisuus-seura näytelmien kustantajana vuosina 1867-1876","Viipurin suomalainen kirjallisuus-seura näytelmien kustantajana vuosina 1867-1876",https://res.cloudinary.com/dolyfnals/images/v1607488985/nnk912/nnk912.jpg,https://dev1.kirjapino.fi/product/viipurin-suomalainen-kirjallisuus-seura-naytelmien-kustantajana-vuosina-1867-1876/,"Teatteri, näytelmät","kirjapino.fi",11EUR,in stock,1607488974782_216122,,,1970-01-29T00:00+00:00/1970-01-30T23:59+00:00,11EUR,new,published,,,,,,,
1607488962824_216120,"Teatteriväen makeimmat naurut","Teatteriväen makeimmat naurut",https://res.cloudinary.com/dolyfnals/images/v1607488979/nnk876/nnk876.jpg,https://dev1.kirjapino.fi/product/teatterivaen-makeimmat-naurut-2/,"Teatteri, näytelmät","kirjapino.fi",12EUR,in stock,1607488962824_216120,,,1970-01-29T00:00+00:00/1970-01-30T23:59+00:00,12EUR,new,published,,,,,,,
1607488953947_216118,"Suomalaisen teatterin vaiheita","Suomalaisen teatterin vaiheita",https://res.cloudinary.com/dolyfnals/images/v1607488968/nnk796/nnk796.jpg,https://dev1.kirjapino.fi/product/suomalaisen-teatterin-vaiheita-2/,"Teatteri, näytelmät","kirjapino.fi",13EUR,in stock,1607488953947_216118,,,1970-01-29T00:00+00:00/1970-01-30T23:59+00:00,13EUR,new,published,,,,,,,
1607488941781_216116,"Teatteriväkeä lähikuvassa","Teatteriväkeä lähikuvassa",https://res.cloudinary.com/dolyfnals/images/v1607488970/nnk795/nnk795.jpg,https://dev1.kirjapino.fi/product/teatterivakea-lahikuvassa/,"Teatteri, näytelmät","kirjapino.fi",12EUR,in stock,1607488941781_216116,,,1970-01-29T00:00+00:00/1970-01-30T23:59+00:00,12EUR,new,published,,,,,,,
1607488931542_216114,"Sarah Bernhardt näyttämön kuningatar","Sarah Bernhardt näyttämön kuningatar",https://res.cloudinary.com/dolyfnals/images/v1607488941/nnk240/nnk240.jpg,https://dev1.kirjapino.fi/product/sarah-bernhardt-nayttamon-kuningatar/,"Teatteri, näytelmät","kirjapino.fi",13EUR,in stock,1607488931542_216114,,,1970-01-29T00:00+00:00/1970-01-30T23:59+00:00,13EUR,new,published,,,,,,,
1607488921108_216112,"Eino Salmelainen - elämä ja teatteri","Eino Salmelainen - elämä ja teatteri",https://res.cloudinary.com/dolyfnals/images/v1607488944/nnk234/nnk234.jpg,https://dev1.kirjapino.fi/product/eino-salmelainen-elama-ja-teatteri-2/,"Teatteri, näytelmät","kirjapino.fi",15EUR,in stock,1607488921108_216112,,,1970-01-29T00:00+00:00/1970-01-30T23:59+00:00,15EUR,new,published,,,,,,,
1607469535194_216108,"Eläköön jatsi! Yksinäytelmäinen pila","Eläköön jatsi! Yksinäytelmäinen pila",https://res.cloudinary.com/dolyfnals/images/v1607469545/nnk211/nnk211.jpg,https://dev1.kirjapino.fi/product/elakoon-jatsi-yksinaytelmainen-pila/,"Teatteri, näytelmät","kirjapino.fi",15EUR,in stock,1607469535194_216108,,,1970-01-29T00:00+00:00/1970-01-30T23:59+00:00,15EUR,new,published,,,,,,,
1607469504652_216106,"Tuommoisia ja tämmöisiä Roineen teatterisuvun vaiheita","Tuommoisia ja tämmöisiä Roineen teatterisuvun vaiheita",https://res.cloudinary.com/dolyfnals/images/v1607469529/nnj852/nnj852.jpg,https://dev1.kirjapino.fi/product/tuommoisia-ja-tammoisia-roineen-teatterisuvun-vaiheita/,"Teatteri, näytelmät","kirjapino.fi",15EUR,in stock,1607469504652_216106,,,1970-01-29T00:00+00:00/1970-01-30T23:59+00:00,15EUR,new,published,,,,,,,
1607469477817_216104,"Teatterimiehen lokikirja","Teatterimiehen lokikirja",https://res.cloudinary.com/dolyfnals/images/v1607469506/nnj846/nnj846.jpg,https://dev1.kirjapino.fi/product/teatterimiehen-lokikirja/,"Teatteri, näytelmät","kirjapino.fi",12EUR,in stock,1607469477817_216104,,,1970-01-29T00:00+00:00/1970-01-30T23:59+00:00,12EUR,new,published,,,,,,,
1607469461244_216102,"Teatterikaskuja","Teatterikaskuja",https://res.cloudinary.com/dolyfnals/images/v1607469471/nnj845_2161016282b/nnj845_2161016282b.jpg,https://dev1.kirjapino.fi/product/teatterikaskuja-2/,"Teatteri, näytelmät","kirjapino.fi",12EUR,in stock,1607469461244_216102,,,1970-01-29T00:00+00:00/1970-01-30T23:59+00:00,12EUR,new,published,,,,,,,
1607469437479_216100,"Teatterikaskuja","Teatterikaskuja",https://res.cloudinary.com/dolyfnals/images/v1607469458/nnj845/nnj845.jpg,https://dev1.kirjapino.fi/product/teatterikaskuja/,"Teatteri, näytelmät","kirjapino.fi",12EUR,in stock,1607469437479_216100,,,1970-01-29T00:00+00:00/1970-01-30T23:59+00:00,12EUR,new,published,,,,,,,
1607469421401_216098,"Joulupukin työpajassa kolmiosainen satunäytelmä","Joulupukin työpajassa kolmiosainen satunäytelmä",https://res.cloudinary.com/dolyfnals/images/v1607469449/nnj755/nnj755.jpg,https://dev1.kirjapino.fi/product/joulupukin-tyopajassa-kolmiosainen-satunaytelma/,"Teatteri, näytelmät","kirjapino.fi",11EUR,in stock,1607469421401_216098,,,1970-01-29T00:00+00:00/1970-01-30T23:59+00:00,11EUR,new,published,,,,,,,
1607469403487_216096,"Pirunnyrkki","Pirunnyrkki",https://res.cloudinary.com/dolyfnals/images/v1607469420/nnj621/nnj621.jpg,https://dev1.kirjapino.fi/product/pirunnyrkki/,"Teatteri, näytelmät","kirjapino.fi",10EUR,in stock,1607469403487_216096,,,1970-01-29T00:00+00:00/1970-01-30T23:59+00:00,10EUR,new,published,,,,,,,
1607469378915_216094,"Tarinaa teatterista","Tarinaa teatterista",https://res.cloudinary.com/dolyfnals/images/v1607469407/nnj650/nnj650.jpg,https://dev1.kirjapino.fi/product/tarinaa-teatterista/,"Teatteri, näytelmät","kirjapino.fi",12EUR,in stock,1607469378915_216094,,,1970-01-29T00:00+00:00/1970-01-30T23:59+00:00,12EUR,new,published,,,,,,,
1607469361493_216092,"Teatterin naisia","Teatterin naisia",https://res.cloudinary.com/dolyfnals/images/v1607469387/nnj649/nnj649.jpg,https://dev1.kirjapino.fi/product/teatterin-naisia/,"Teatteri, näytelmät","kirjapino.fi",12EUR,in stock,1607469361493_216092,,,1970-01-29T00:00+00:00/1970-01-30T23:59+00:00,12EUR,new,published,,,,,,,
1607469342140_216090,"Ihminen näyttämöllä Kansallisen dramatiikan tarkkailua","Tekijän omiste.",https://res.cloudinary.com/dolyfnals/images/v1607469357/nnj646/nnj646.jpg,https://dev1.kirjapino.fi/product/ihminen-nayttamolla-kansallisen-dramatiikan-tarkkailua/,"Teatteri, näytelmät","kirjapino.fi",13EUR,in stock,1607469342140_216090,,,1970-01-29T00:00+00:00/1970-01-30T23:59+00:00,13EUR,new,published,,,,,,,
1607469319156_216088,"Ida Aalberg suomalaisen teatterin tähti","Ida Aalberg suomalaisen teatterin tähti",https://res.cloudinary.com/dolyfnals/images/v1607469338/nnj547/nnj547.jpg,https://dev1.kirjapino.fi/product/ida-aalberg-suomalaisen-teatterin-tahti/,"Teatteri, näytelmät","kirjapino.fi",13EUR,in stock,1607469319156_216088,,,1970-01-29T00:00+00:00/1970-01-30T23:59+00:00,13EUR,new,published,,,,,,,
1607469296903_216086,"Suomen kansallisteatteri The Finnish National Theatre","Suomen kansallisteatteri The Finnish National Theatre",https://res.cloudinary.com/dolyfnals/images/v1607469325/nnj529/nnj529.jpg,https://dev1.kirjapino.fi/product/suomen-kansallisteatteri-the-finnish-national-theatre/,"Teatteri, näytelmät","kirjapino.fi",12EUR,in stock,1607469296903_216086,,,1970-01-29T00:00+00:00/1970-01-30T23:59+00:00,12EUR,new,published,,,,,,,
1607469279150_216084,"Aioin papiksi - jouduin teatteriin","Aioin papiksi - jouduin teatteriin",https://res.cloudinary.com/dolyfnals/images/v1607469290/Salmelainen_Aion_papiksi/Salmelainen_Aion_papiksi.jpg,https://dev1.kirjapino.fi/product/aioin-papiksi-jouduin-teatteriin-2/,"Teatteri, näytelmät","kirjapino.fi",11EUR,in stock,1607469279150_216084,,,1970-01-29T00:00+00:00/1970-01-30T23:59+00:00,11EUR,new,published,,,,,,,
1607469256739_216082,"Mauno Manninen ja hänen intiimi teatterinsa","Mauno Manninen ja hänen intiimi teatterinsa",https://res.cloudinary.com/dolyfnals/images/v1607469279/nnj333/nnj333.jpg,https://dev1.kirjapino.fi/product/mauno-manninen-ja-hanen-intiimi-teatterinsa/,"Teatteri, näytelmät","kirjapino.fi",12EUR,in stock,1607469256739_216082,,,1970-01-29T00:00+00:00/1970-01-30T23:59+00:00,12EUR,new,published,,,,,,,
1607469238544_216080,"Taitaa olla piru Olavi Veistäjä, elämä ja teatteri","Taitaa olla piru Olavi Veistäjä, elämä ja teatteri",https://res.cloudinary.com/dolyfnals/images/v1607469269/nnj330/nnj330.jpg,https://dev1.kirjapino.fi/product/taitaa-olla-piru-olavi-veistaja-elama-ja-teatteri/,"Teatteri, näytelmät","kirjapino.fi",12EUR,in stock,1607469238544_216080,,,1970-01-29T00:00+00:00/1970-01-30T23:59+00:00,12EUR,new,published,,,,,,,
1607469216395_216078,"Maassa ja tähdissä Valikoima näytelmiä","Maassa ja tähdissä Valikoima näytelmiä",https://res.cloudinary.com/dolyfnals/images/v1607469234/nnj314/nnj314.jpg,https://dev1.kirjapino.fi/product/maassa-ja-tahdissa-valikoima-naytelmia/,"Teatteri, näytelmät","kirjapino.fi",12EUR,in stock,1607469216395_216078,,,1970-01-29T00:00+00:00/1970-01-30T23:59+00:00,12EUR,new,published,,,,,,,
1607469195296_216076,"Die Schule einer Ballettänzerin.","Kannet hieman kuluneet.",https://res.cloudinary.com/dolyfnals/images/v1607469219/1193_swu216_20164318574/1193_swu216_20164318574.jpg,https://dev1.kirjapino.fi/product/die-schule-einer-ballettanzerin/,"Teatteri, näytelmät","kirjapino.fi",13EUR,in stock,1607469195296_216076,,,1970-01-29T00:00+00:00/1970-01-30T23:59+00:00,13EUR,new,published,,,,,,,
1607469177195_216074,"Anteckningar rörande teatern i Finland","Kannet kuluneet ja sisällä lievä kosteusvaurio.",https://res.cloudinary.com/dolyfnals/images/v1607469210/1193_swt737_201632715104/1193_swt737_201632715104.jpg,https://dev1.kirjapino.fi/product/anteckningar-rorande-teatern-i-finland/,"Teatteri, näytelmät","kirjapino.fi",15EUR,in stock,1607469177195_216074,,,1970-01-29T00:00+00:00/1970-01-30T23:59+00:00,15EUR,new,published,,,,,,,
1607469161299_216072,"Kaarlo Bergbom ja suomalaisen teatterin synty - Kaarlo Bergbomin kirjoitukset teatterioloistamme 1872","Avaamaton kappale.",https://res.cloudinary.com/dolyfnals/images/v1607469179/1193_swu127_201643115639/1193_swu127_201643115639.jpg,https://dev1.kirjapino.fi/product/kaarlo-bergbom-ja-suomalaisen-teatterin-synty-kaarlo-bergbomin-kirjoitukset-teatterioloistamme-1872/,"Teatteri, näytelmät","kirjapino.fi",10EUR,in stock,1607469161299_216072,,,1970-01-29T00:00+00:00/1970-01-30T23:59+00:00,10EUR,new,published,,,,,,,
1607469140613_216070,"Jeppe Niilonpoika eli talonpojan ihmeelliset seikkailut. Viisinäytöksinen huvinäytelmä.Suom. V.Tarkiainen.","Jeppe Niilonpoika eli talonpojan ihmeelliset seikkailut. Viisinäytöksinen huvinäytelmä.Suom. V.Tarkiainen.",https://res.cloudinary.com/dolyfnals/images/v1607469163/1193_swu233_201644111929/1193_swu233_201644111929.jpg,https://dev1.kirjapino.fi/product/jeppe-niilonpoika-eli-talonpojan-ihmeelliset-seikkailut-viisinaytoksinen-huvinaytelma-suom-v-tarkiainen/,"Teatteri, näytelmät","kirjapino.fi",11EUR,in stock,1607469140613_216070,,,1970-01-29T00:00+00:00/1970-01-30T23:59+00:00,11EUR,new,published,,,,,,,
1607469126140_216068,"Vieraita odotettaessa Yksinäytöksinen huvinäytelmä","Vieraita odotettaessa Yksinäytöksinen huvinäytelmä",https://res.cloudinary.com/dolyfnals/images/v1607469148/1193_swu585_2016416151816/1193_swu585_2016416151816.jpg,https://dev1.kirjapino.fi/product/vieraita-odotettaessa-yksinaytoksinen-huvinaytelma/,"Teatteri, näytelmät","kirjapino.fi",11EUR,in stock,1607469126140_216068,,,1970-01-29T00:00+00:00/1970-01-30T23:59+00:00,11EUR,new,published,,,,,,,
1607469105646_216066,"Herrastapoja oppimassa Kaksinäytöksinen huvinäytelmä","Herrastapoja oppimassa Kaksinäytöksinen huvinäytelmä",https://res.cloudinary.com/dolyfnals/images/v1607469118/1193_swu408_20164915126/1193_swu408_20164915126.jpg,https://dev1.kirjapino.fi/product/herrastapoja-oppimassa-kaksinaytoksinen-huvinaytelma/,"Teatteri, näytelmät","kirjapino.fi",12EUR,in stock,1607469105646_216066,,,1970-01-29T00:00+00:00/1970-01-30T23:59+00:00,12EUR,new,published,,,,,,,
1607469084243_216064,"Arvaapas uudestaan - 3-näytöksinen huvinäytelmä","Arvaapas uudestaan - 3-näytöksinen huvinäytelmä",https://res.cloudinary.com/dolyfnals/images/v1607469110/1193_swu434_201649151241/1193_swu434_201649151241.jpg,https://dev1.kirjapino.fi/product/arvaapas-uudestaan-3-naytoksinen-huvinaytelma/,"Teatteri, näytelmät","kirjapino.fi",10EUR,in stock,1607469084243_216064,,,1970-01-29T00:00+00:00/1970-01-30T23:59+00:00,10EUR,new,published,,,,,,,
1607469064712_216062,"Pohja se on miunkii säkis","Tekijän ja Tapio Hämäläisen omiste.",https://res.cloudinary.com/dolyfnals/images/v1607469087/nnj206/nnj206.jpg,https://dev1.kirjapino.fi/product/pohja-se-on-miunkii-sakis-2/,"Teatteri, näytelmät","kirjapino.fi",13EUR,in stock,1607469064712_216062,,,1970-01-29T00:00+00:00/1970-01-30T23:59+00:00,13EUR,new,published,,,,,,,
1607469043775_216060,"Dresden und seine Theaterwelt","Etukannen sisäpuolella aiemman omistajan exlibris (Ester von Frenckell).",https://res.cloudinary.com/dolyfnals/images/v1607469061/1193_swu717_2016417123540/1193_swu717_2016417123540.jpg,https://dev1.kirjapino.fi/product/dresden-und-seine-theaterwelt/,"Teatteri, näytelmät","kirjapino.fi",21EUR,in stock,1607469043775_216060,,,1970-01-29T00:00+00:00/1970-01-30T23:59+00:00,21EUR,new,published,,,,,,,
1607469024295_216058,"Käsi sydämellä","Käsi sydämellä",https://res.cloudinary.com/dolyfnals/images/v1607469054/salovaara780/salovaara780.jpg,https://dev1.kirjapino.fi/product/kasi-sydamella/,"Teatteri, näytelmät","kirjapino.fi",11EUR,in stock,1607469024295_216058,,,1970-01-29T00:00+00:00/1970-01-30T23:59+00:00,11EUR,new,published,,,,,,,
1607469003785_216056,"Turkulaisen teatterin historia I","Turkulaisen teatterin historia I",https://res.cloudinary.com/dolyfnals/images/v1607469024/1193_swu722_2016417124041/1193_swu722_2016417124041.jpg,https://dev1.kirjapino.fi/product/turkulaisen-teatterin-historia-i/,"Teatteri, näytelmät","kirjapino.fi",15EUR,in stock,1607469003785_216056,,,1970-01-29T00:00+00:00/1970-01-30T23:59+00:00,15EUR,new,published,,,,,,,
1607468987348_216054,"Kihlaus Komedia I:ssä näytöksessä. Kuvitus Erkki Tanttu","Kihlaus Komedia I:ssä näytöksessä. Kuvitus Erkki Tanttu",https://res.cloudinary.com/dolyfnals/images/v1607469000/1193_swu718_2016417123615/1193_swu718_2016417123615.jpg,https://dev1.kirjapino.fi/product/kihlaus-komedia-issa-naytoksessa-kuvitus-erkki-tanttu/,"Teatteri, näytelmät","kirjapino.fi",15EUR,in stock,1607468987348_216054,,,1970-01-29T00:00+00:00/1970-01-30T23:59+00:00,15EUR,new,published,,,,,,,
1607468965892_216052,"Aatteen ja taiteen liitto Suomalaisen työväen teatterin ja Tyäväen Näyttämöiden Liiton (1920-1980) kehityslinjoja","Aatteen ja taiteen liitto Suomalaisen työväen teatterin ja Tyäväen Näyttämöiden Liiton (1920-1980) kehityslinjoja",https://res.cloudinary.com/dolyfnals/images/v1607468987/1193_swu595_201641615274/1193_swu595_201641615274.jpg,https://dev1.kirjapino.fi/product/aatteen-ja-taiteen-liitto-suomalaisen-tyovaen-teatterin-ja-tyavaen-nayttamoiden-liiton-1920-1980-kehityslinjoja/,"Teatteri, näytelmät","kirjapino.fi",11EUR,in stock,1607468965892_216052,,,1970-01-29T00:00+00:00/1970-01-30T23:59+00:00,11EUR,new,published,,,,,,,
1607468954813_216050,"Acting for Animators. A Complete Guide to Performance Animation. Multimedia CD-Rom included.","Acting for Animators. A Complete Guide to Performance Animation. Multimedia CD-Rom included.",https://res.cloudinary.com/dolyfnals/images/v1607468976/1193_swu383_201644184749/1193_swu383_201644184749.jpg,https://dev1.kirjapino.fi/product/acting-for-animators-a-complete-guide-to-performance-animation-multimedia-cd-rom-included/,"Teatteri, näytelmät","kirjapino.fi",12EUR,in stock,1607468954813_216050,,,1970-01-29T00:00+00:00/1970-01-30T23:59+00:00,12EUR,new,published,,,,,,,
1607468945215_216048,"Münchausen - Nuket Kaksi näytelmää","Münchausen - Nuket Kaksi näytelmää",https://res.cloudinary.com/dolyfnals/images/v1607468970/1193_swu231_20164411175/1193_swu231_20164411175.jpg,https://dev1.kirjapino.fi/product/munchausen-nuket-kaksi-naytelmaa/,"Teatteri, näytelmät","kirjapino.fi",15EUR,in stock,1607468945215_216048,,,1970-01-29T00:00+00:00/1970-01-30T23:59+00:00,15EUR,new,published,,,,,,,
1607468933149_216046,"Beryl Grey","Beryl Grey",https://res.cloudinary.com/dolyfnals/images/v1607468946/1193_antkvaari542_2016431958/1193_antkvaari542_2016431958.jpg,https://dev1.kirjapino.fi/product/beryl-grey/,"Teatteri, näytelmät","kirjapino.fi",15EUR,in stock,1607468933149_216046,,,1970-01-29T00:00+00:00/1970-01-30T23:59+00:00,15EUR,new,published,,,,,,,
1607468916838_216044,"Vakaa markka Puheenvuoroja Teot ja tarinat","Vakaa markka Puheenvuoroja Teot ja tarinat",https://res.cloudinary.com/dolyfnals/images/v1607468935/nnl211/nnl211.jpg,https://dev1.kirjapino.fi/product/vakaa-markka-puheenvuoroja-teot-ja-tarinat/,"Talous (liiketalous, kansantalous)","kirjapino.fi",15EUR,in stock,1607468916838_216044,,,1970-01-29T00:00+00:00/1970-01-30T23:59+00:00,15EUR,new,published,,,,,,,
1607468899305_216042,"Puoli vuosisata suomalaista liike-elämää Suomen uusinta taloushistoriaa taustakuvauksineen","Puoli vuosisata suomalaista liike-elämää Suomen uusinta taloushistoriaa taustakuvauksineen",https://res.cloudinary.com/dolyfnals/images/v1607468917/nnk622/nnk622.jpg,https://dev1.kirjapino.fi/product/puoli-vuosisata-suomalaista-liike-elamaa-suomen-uusinta-taloushistoriaa-taustakuvauksineen/,"Talous (liiketalous, kansantalous)","kirjapino.fi",13EUR,in stock,1607468899305_216042,,,1970-01-29T00:00+00:00/1970-01-30T23:59+00:00,13EUR,new,published,,,,,,,
1607468882929_216040,"Uuden kirkkoarkkitehtuurin ongelmat","Uuden kirkkoarkkitehtuurin ongelmat",https://res.cloudinary.com/dolyfnals/images/v1607468909/nnl221/nnl221.jpg,https://dev1.kirjapino.fi/product/uuden-kirkkoarkkitehtuurin-ongelmat-2/,"Taide, arkkitehtuuri, muotoilu, sisustus","kirjapino.fi",13EUR,in stock,1607468882929_216040,,,1970-01-29T00:00+00:00/1970-01-30T23:59+00:00,13EUR,new,published,,,,,,,
1607468865812_216038,"Kuvataiteen aapiskirja","Kuvataiteen aapiskirja",https://res.cloudinary.com/dolyfnals/images/v1607468886/nnl219/nnl219.jpg,https://dev1.kirjapino.fi/product/kuvataiteen-aapiskirja/,"Taide, arkkitehtuuri, muotoilu, sisustus","kirjapino.fi",12EUR,in stock,1607468865812_216038,,,1970-01-29T00:00+00:00/1970-01-30T23:59+00:00,12EUR,new,published,,,,,,,
1607468851465_216036,"Impressionismi modernin maalaustaiteen vedenjakajana","Impressionismi modernin maalaustaiteen vedenjakajana",https://res.cloudinary.com/dolyfnals/images/v1607468875/nnl170/nnl170.jpg,https://dev1.kirjapino.fi/product/impressionismi-modernin-maalaustaiteen-vedenjakajana/,"Taide, arkkitehtuuri, muotoilu, sisustus","kirjapino.fi",12EUR,in stock,1607468851465_216036,,,1970-01-29T00:00+00:00/1970-01-30T23:59+00:00,12EUR,new,published,,,,,,,
1607468835489_216034,"Työtehon suurnäyttely maa - metsä - koti luettelo - Storutställningen för arbetseffektivitet katalog","Työtehon suurnäyttely maa - metsä - koti luettelo - Storutställningen för arbetseffektivitet katalog",https://res.cloudinary.com/dolyfnals/images/v1607468856/nnl129/nnl129.jpg,https://dev1.kirjapino.fi/product/tyotehon-suurnayttely-maa-metsa-koti-luettelo-storutstallningen-for-arbetseffektivitet-katalog/,"Taide, arkkitehtuuri, muotoilu, sisustus","kirjapino.fi",17EUR,in stock,1607468835489_216034,,,1970-01-29T00:00+00:00/1970-01-30T23:59+00:00,17EUR,new,published,,,,,,,
1607468815696_216032,"Sammallautturi","Sammallautturi",https://res.cloudinary.com/dolyfnals/images/v1607468855/nnl007_2160316ad64/nnl007_2160316ad64.jpg,https://dev1.kirjapino.fi/product/sammallautturi/,"Taide, arkkitehtuuri, muotoilu, sisustus","kirjapino.fi",15EUR,in stock,1607468815696_216032,,,1970-01-29T00:00+00:00/1970-01-30T23:59+00:00,15EUR,new,published,,,,,,,
1607468802918_216030,"Taisteleva postikortti","Taisteleva postikortti",https://res.cloudinary.com/dolyfnals/images/v1607468825/nnk980/nnk980.jpg,https://dev1.kirjapino.fi/product/taisteleva-postikortti-3/,"Taide, arkkitehtuuri, muotoilu, sisustus","kirjapino.fi",13EUR,in stock,1607468802918_216030,,,1970-01-29T00:00+00:00/1970-01-30T23:59+00:00,13EUR,new,published,,,,,,,
1607468791755_216028,"Kuvataiteilijoiden Kuopio","Kuvataiteilijoiden Kuopio",https://res.cloudinary.com/dolyfnals/images/v1607468811/nnk976/nnk976.jpg,https://dev1.kirjapino.fi/product/kuvataiteilijoiden-kuopio/,"Taide, arkkitehtuuri, muotoilu, sisustus","kirjapino.fi",15EUR,in stock,1607468791755_216028,,,1970-01-29T00:00+00:00/1970-01-30T23:59+00:00,15EUR,new,published,,,,,,,
1607468775144_216026,"Suomalaisia taiteilijoita 1 - Finländska konstnärer - Finnish Artists - Artistes finlandais","Suomalaisia taiteilijoita 1 - Finländska konstnärer - Finnish Artists - Artistes finlandais",https://res.cloudinary.com/dolyfnals/images/v1607468791/nnk968/nnk968.jpg,https://dev1.kirjapino.fi/product/suomalaisia-taiteilijoita-1-finlandska-konstnarer-finnish-artists-artistes-finlandais/,"Taide, arkkitehtuuri, muotoilu, sisustus","kirjapino.fi",20EUR,in stock,1607468775144_216026,,,1970-01-29T00:00+00:00/1970-01-30T23:59+00:00,20EUR,new,published,,,,,,,
1607468764790_216024,"Annu Eklund Elämän kuvat - Pictures of life","Annu Eklund Elämän kuvat - Pictures of life",https://res.cloudinary.com/dolyfnals/images/v1607468789/nnk966/nnk966.jpg,https://dev1.kirjapino.fi/product/annu-eklund-elaman-kuvat-pictures-of-life/,"Taide, arkkitehtuuri, muotoilu, sisustus","kirjapino.fi",11EUR,in stock,1607468764790_216024,,,1970-01-29T00:00+00:00/1970-01-30T23:59+00:00,11EUR,new,published,,,,,,,
1607468750574_216022,"Arvoituksellinen uni Romanttis-mystillisiä ja surrealistisia piirteitä1940- ja 1950-luvun suomalaisessa maalaustaiteessa Hämeenlinnan taidemuseo 3.6.-26.9.1993","Arvoituksellinen uni Romanttis-mystillisiä ja surrealistisia piirteitä1940- ja 1950-luvun suomalaisessa maalaustaiteessa Hämeenlinnan taidemuseo 3.6.-26.9.1993",https://res.cloudinary.com/dolyfnals/images/v1607468765/nnk965/nnk965.jpg,https://dev1.kirjapino.fi/product/arvoituksellinen-uni-romanttis-mystillisia-ja-surrealistisia-piirteita1940-ja-1950-luvun-suomalaisessa-maalaustaiteessa-hameenlinnan-taidemuseo-3-6-26-9-1993/,"Taide, arkkitehtuuri, muotoilu, sisustus","kirjapino.fi",12EUR,in stock,1607468750574_216022,,,1970-01-29T00:00+00:00/1970-01-30T23:59+00:00,12EUR,new,published,,,,,,,
1607468735774_216020,"Helene Schjerfbeck Elämä ja taide","Helene Schjerfbeck Elämä ja taide",https://res.cloudinary.com/dolyfnals/images/v1607468752/nnk962/nnk962.jpg,https://dev1.kirjapino.fi/product/helene-schjerfbeck-elama-ja-taide-3/,"Taide, arkkitehtuuri, muotoilu, sisustus","kirjapino.fi",17EUR,in stock,1607468735774_216020,,,1970-01-29T00:00+00:00/1970-01-30T23:59+00:00,17EUR,new,published,,,,,,,
1607468724108_216018,"Taiteiijapareja","Taiteiijapareja",https://res.cloudinary.com/dolyfnals/images/v1607468754/nnk961/nnk961.jpg,https://dev1.kirjapino.fi/product/taiteiijapareja/,"Taide, arkkitehtuuri, muotoilu, sisustus","kirjapino.fi",17EUR,in stock,1607468724108_216018,,,1970-01-29T00:00+00:00/1970-01-30T23:59+00:00,17EUR,new,published,,,,,,,
1607468711819_216016,"Hugo Simberg Grafiikkaa - Grafik - Graphic Art","Hugo Simberg Grafiikkaa - Grafik - Graphic Art",https://res.cloudinary.com/dolyfnals/images/v1607468723/nnk952/nnk952.jpg,https://dev1.kirjapino.fi/product/hugo-simberg-grafiikkaa-grafik-graphic-art-2/,"Taide, arkkitehtuuri, muotoilu, sisustus","kirjapino.fi",15EUR,in stock,1607468711819_216016,,,1970-01-29T00:00+00:00/1970-01-30T23:59+00:00,15EUR,new,published,,,,,,,
1607468692397_216014,"Nykyaikainen keittiö","Nykyaikainen keittiö",https://res.cloudinary.com/dolyfnals/images/v1607468707/nnk950/nnk950.jpg,https://dev1.kirjapino.fi/product/nykyaikainen-keittio/,"Taide, arkkitehtuuri, muotoilu, sisustus","kirjapino.fi",15EUR,in stock,1607468692397_216014,,,1970-01-29T00:00+00:00/1970-01-30T23:59+00:00,15EUR,new,published,,,,,,,
1607468668857_216012,"Varastettua taidetta III","Varastettua taidetta III",https://res.cloudinary.com/dolyfnals/images/v1607468694/nnk937/nnk937.jpg,https://dev1.kirjapino.fi/product/varastettua-taidetta-iii/,"Taide, arkkitehtuuri, muotoilu, sisustus","kirjapino.fi",15EUR,in stock,1607468668857_216012,,,1970-01-29T00:00+00:00/1970-01-30T23:59+00:00,15EUR,new,published,,,,,,,
1607468648780_216010,"Marcus Collin Katsaus maalaustaiteemme vaiheisiin vuosina 1900-1920","Marcus Collin Katsaus maalaustaiteemme vaiheisiin vuosina 1900-1920",https://res.cloudinary.com/dolyfnals/images/v1607468666/nnk935/nnk935.jpg,https://dev1.kirjapino.fi/product/marcus-collin-katsaus-maalaustaiteemme-vaiheisiin-vuosina-1900-1920-2/,"Taide, arkkitehtuuri, muotoilu, sisustus","kirjapino.fi",15EUR,in stock,1607468648780_216010,,,1970-01-29T00:00+00:00/1970-01-30T23:59+00:00,15EUR,new,published,,,,,,,
1607468627934_216008,"Ympäristön kuvakieli 2 Tuote- ja ympäristötietous","Ympäristön kuvakieli 2 Tuote- ja ympäristötietous",https://res.cloudinary.com/dolyfnals/images/v1607468645/nnk895/nnk895.jpg,https://dev1.kirjapino.fi/product/ympariston-kuvakieli-2-tuote-ja-ymparistotietous/,"Taide, arkkitehtuuri, muotoilu, sisustus","kirjapino.fi",13EUR,in stock,1607468627934_216008,,,1970-01-29T00:00+00:00/1970-01-30T23:59+00:00,13EUR,new,published,,,,,,,
1607468605831_216006,"Tie taiteen maailmaan Oppitunteja maalaustaiteesta kaupunkisuunnitteluun","Tie taiteen maailmaan Oppitunteja maalaustaiteesta kaupunkisuunnitteluun",https://res.cloudinary.com/dolyfnals/images/v1607468623/nnk815_01081/nnk815_01081.jpg,https://dev1.kirjapino.fi/product/tie-taiteen-maailmaan-oppitunteja-maalaustaiteesta-kaupunkisuunnitteluun/,"Taide, arkkitehtuuri, muotoilu, sisustus","kirjapino.fi",13EUR,in stock,1607468605831_216006,,,1970-01-29T00:00+00:00/1970-01-30T23:59+00:00,13EUR,new,published,,,,,,,
1607468585247_216004,"Arkkitehtuurinähtävyyksiä Matkailijan Suomea","Arkkitehtuurinähtävyyksiä Matkailijan Suomea",https://res.cloudinary.com/dolyfnals/images/v1607468605/nnk777/nnk777.jpg,https://dev1.kirjapino.fi/product/arkkitehtuurinahtavyyksia-matkailijan-suomea/,"Taide, arkkitehtuuri, muotoilu, sisustus","kirjapino.fi",13EUR,in stock,1607468585247_216004,,,1970-01-29T00:00+00:00/1970-01-30T23:59+00:00,13EUR,new,published,,,,,,,
1607468565147_216002,"Marko Tapio","Marko Tapio",https://res.cloudinary.com/dolyfnals/images/v1607468582/nnk708/nnk708.jpg,https://dev1.kirjapino.fi/product/marko-tapio/,"Taide, arkkitehtuuri, muotoilu, sisustus","kirjapino.fi",12EUR,in stock,1607468565147_216002,,,1970-01-29T00:00+00:00/1970-01-30T23:59+00:00,12EUR,new,published,,,,,,,
1607468548630_216000,"Babylonia","Babylonia",https://res.cloudinary.com/dolyfnals/images/v1607468568/nnk570/nnk570.jpg,https://dev1.kirjapino.fi/product/babylonia/,"Taide, arkkitehtuuri, muotoilu, sisustus","kirjapino.fi",17EUR,in stock,1607468548630_216000,,,1970-01-29T00:00+00:00/1970-01-30T23:59+00:00,17EUR,new,published,,,,,,,
1607468529048_215998,"Pentti Lumikangas Grafiikkaa 1947-1978 Graphic Works","Pentti Lumikangas Grafiikkaa 1947-1978 Graphic Works",https://res.cloudinary.com/dolyfnals/images/v1607468548/nnk569/nnk569.jpg,https://dev1.kirjapino.fi/product/pentti-lumikangas-grafiikkaa-1947-1978-graphic-works/,"Taide, arkkitehtuuri, muotoilu, sisustus","kirjapino.fi",35EUR,in stock,1607468529048_215998,,,1970-01-29T00:00+00:00/1970-01-30T23:59+00:00,35EUR,new,published,,,,,,,
1607468510213_215996,"Akseli Gallen-Kallela Elämäkerrallinen rapsodia","Akseli Gallen-Kallela Elämäkerrallinen rapsodia",https://res.cloudinary.com/dolyfnals/images/v1607468525/nnk553/nnk553.jpg,https://dev1.kirjapino.fi/product/akseli-gallen-kallela-elamakerrallinen-rapsodia/,"Taide, arkkitehtuuri, muotoilu, sisustus","kirjapino.fi",17EUR,in stock,1607468510213_215996,,,1970-01-29T00:00+00:00/1970-01-30T23:59+00:00,17EUR,new,published,,,,,,,
1607468493202_215994,"Totuus enemmän kuin kauneus Naistaiteilija, realismi ja naturalismi 1880-luvulla","Totuus enemmän kuin kauneus Naistaiteilija, realismi ja naturalismi 1880-luvulla",https://res.cloudinary.com/dolyfnals/images/v1607468509/nnk551/nnk551.jpg,https://dev1.kirjapino.fi/product/totuus-enemman-kuin-kauneus-naistaiteilija-realismi-ja-naturalismi-1880-luvulla/,"Taide, arkkitehtuuri, muotoilu, sisustus","kirjapino.fi",20EUR,in stock,1607468493202_215994,,,1970-01-29T00:00+00:00/1970-01-30T23:59+00:00,20EUR,new,published,,,,,,,
1607468475431_215992,"Nykyaika Alvar Aallon tutustuminen funktionalismiin","Nykyaika Alvar Aallon tutustuminen funktionalismiin",https://res.cloudinary.com/dolyfnals/images/v1607468493/nnk547/nnk547.jpg,https://dev1.kirjapino.fi/product/nykyaika-alvar-aallon-tutustuminen-funktionalismiin-2/,"Taide, arkkitehtuuri, muotoilu, sisustus","kirjapino.fi",30EUR,in stock,1607468475431_215992,,,1970-01-29T00:00+00:00/1970-01-30T23:59+00:00,30EUR,new,published,,,,,,,
1607468457985_215990,"Venäläistä posliinia Vera Saarelan kokoelma Suomen kansallismuseo Russian Porcelain Collection Vera Saarela The National Museum of Finland","Venäläistä posliinia Vera Saarelan kokoelma Suomen kansallismuseo Russian Porcelain Collection Vera Saarela The National Museum of Finland",https://res.cloudinary.com/dolyfnals/images/v1607468483/nnk545/nnk545.jpg,https://dev1.kirjapino.fi/product/venalaista-posliinia-vera-saarelan-kokoelma-suomen-kansallismuseo-russian-porcelain-collection-vera-saarela-the-national-museum-of-finland-2/,"Taide, arkkitehtuuri, muotoilu, sisustus","kirjapino.fi",20EUR,in stock,1607468457985_215990,,,1970-01-29T00:00+00:00/1970-01-30T23:59+00:00,20EUR,new,published,,,,,,,
1607468443662_215988,"Taidehistoria kuvauksia ja yleiskatsauksia","Taidehistoria kuvauksia ja yleiskatsauksia",https://res.cloudinary.com/dolyfnals/images/v1607468466/nnk514/nnk514.jpg,https://dev1.kirjapino.fi/product/taidehistoria-kuvauksia-ja-yleiskatsauksia/,"Taide, arkkitehtuuri, muotoilu, sisustus","kirjapino.fi",15EUR,in stock,1607468443662_215988,,,1970-01-29T00:00+00:00/1970-01-30T23:59+00:00,15EUR,new,published,,,,,,,
1607468428654_215986,"Albert Edelfelt Kuihtumaton ruusutarha","Albert Edelfelt Kuihtumaton ruusutarha",https://res.cloudinary.com/dolyfnals/images/v1607468451/nnk479/nnk479.jpg,https://dev1.kirjapino.fi/product/albert-edelfelt-kuihtumaton-ruusutarha-2/,"Taide, arkkitehtuuri, muotoilu, sisustus","kirjapino.fi",13EUR,in stock,1607468428654_215986,,,1970-01-29T00:00+00:00/1970-01-30T23:59+00:00,13EUR,new,published,,,,,,,
1607468412680_215984,"Länsieurooppalaista posliini Western European Porcelain Vera Saarelan kokoelma","Länsieurooppalaista posliini Western European Porcelain Vera Saarelan kokoelma",https://res.cloudinary.com/dolyfnals/images/v1607468429/nnk477/nnk477.jpg,https://dev1.kirjapino.fi/product/lansieurooppalaista-posliini-western-european-porcelain-vera-saarelan-kokoelma/,"Taide, arkkitehtuuri, muotoilu, sisustus","kirjapino.fi",15EUR,in stock,1607468412680_215984,,,1970-01-29T00:00+00:00/1970-01-30T23:59+00:00,15EUR,new,published,,,,,,,
1607468395386_215982,"Keskiajan kivikirkot - Finlands medeltida stenkyrkor - The Medieval Stone Churches of Finland","Keskiajan kivikirkot - Finlands medeltida stenkyrkor - The Medieval Stone Churches of Finland",https://res.cloudinary.com/dolyfnals/images/v1607468429/Santakari_Keskiajan_kivikirkot/Santakari_Keskiajan_kivikirkot.jpg,https://dev1.kirjapino.fi/product/keskiajan-kivikirkot-finlands-medeltida-stenkyrkor-the-medieval-stone-churches-of-finland/,"Taide, arkkitehtuuri, muotoilu, sisustus","kirjapino.fi",17EUR,in stock,1607468395386_215982,,,1970-01-29T00:00+00:00/1970-01-30T23:59+00:00,17EUR,new,published,,,,,,,
1607468373179_215980,"Joka kodin sisustusopas","Joka kodin sisustusopas",https://res.cloudinary.com/dolyfnals/images/v1607468394/nnk465/nnk465.jpg,https://dev1.kirjapino.fi/product/joka-kodin-sisustusopas/,"Taide, arkkitehtuuri, muotoilu, sisustus","kirjapino.fi",13EUR,in stock,1607468373179_215980,,,1970-01-29T00:00+00:00/1970-01-30T23:59+00:00,13EUR,new,published,,,,,,,
1607468356351_215978,"Vanhoja huonekaluja Huonekalutaide ja huonekalutyylit kautta aikojen","Vanhoja huonekaluja Huonekalutaide ja huonekalutyylit kautta aikojen",https://res.cloudinary.com/dolyfnals/images/v1607468375/nnk457/nnk457.jpg,https://dev1.kirjapino.fi/product/vanhoja-huonekaluja-huonekalutaide-ja-huonekalutyylit-kautta-aikojen-2/,"Taide, arkkitehtuuri, muotoilu, sisustus","kirjapino.fi",20EUR,in stock,1607468356351_215978,,,1970-01-29T00:00+00:00/1970-01-30T23:59+00:00,20EUR,new,published,,,,,,,
1607468345244_215976,"Suomalaisia koteja - Hem i Finland - Homes in Finland","Suomalaisia koteja - Hem i Finland - Homes in Finland",https://res.cloudinary.com/dolyfnals/images/v1607468371/nnk446/nnk446.jpg,https://dev1.kirjapino.fi/product/suomalaisia-koteja-hem-i-finland-homes-in-finland/,"Taide, arkkitehtuuri, muotoilu, sisustus","kirjapino.fi",13EUR,in stock,1607468345244_215976,,,1970-01-29T00:00+00:00/1970-01-30T23:59+00:00,13EUR,new,published,,,,,,,
1607468333176_215974,"Muotokuvia - Portraits","Muotokuvia - Portraits",https://res.cloudinary.com/dolyfnals/images/v1607468344/nnk444/nnk444.jpg,https://dev1.kirjapino.fi/product/muotokuvia-portraits/,"Taide, arkkitehtuuri, muotoilu, sisustus","kirjapino.fi",17EUR,in stock,1607468333176_215974,,,1970-01-29T00:00+00:00/1970-01-30T23:59+00:00,17EUR,new,published,,,,,,,
1607468316892_215972,"Kotien käyttötaidetta Pohjoismainen taidekäsityö ja taideteollisuus","Kotien käyttötaidetta Pohjoismainen taidekäsityö ja taideteollisuus",https://res.cloudinary.com/dolyfnals/images/v1607468334/nnk439/nnk439.jpg,https://dev1.kirjapino.fi/product/kotien-kayttotaidetta-pohjoismainen-taidekasityo-ja-taideteollisuus/,"Taide, arkkitehtuuri, muotoilu, sisustus","kirjapino.fi",25EUR,in stock,1607468316892_215972,,,1970-01-29T00:00+00:00/1970-01-30T23:59+00:00,25EUR,new,published,,,,,,,
1607468299452_215970,"Piirustuksia","Piirustuksia",https://res.cloudinary.com/dolyfnals/images/v1607468317/nnk435/nnk435.jpg,https://dev1.kirjapino.fi/product/piirustuksia/,"Taide, arkkitehtuuri, muotoilu, sisustus","kirjapino.fi",13EUR,in stock,1607468299452_215970,,,1970-01-29T00:00+00:00/1970-01-30T23:59+00:00,13EUR,new,published,,,,,,,
1607468285248_215968,"Taidekoulu Piirtämisen ja maalaamisen käsikirja","Taidekoulu Piirtämisen ja maalaamisen käsikirja",https://res.cloudinary.com/dolyfnals/images/v1607468308/nnk429/nnk429.jpg,https://dev1.kirjapino.fi/product/taidekoulu-piirtamisen-ja-maalaamisen-kasikirja-2/,"Taide, arkkitehtuuri, muotoilu, sisustus","kirjapino.fi",17EUR,in stock,1607468285248_215968,,,1970-01-29T00:00+00:00/1970-01-30T23:59+00:00,17EUR,new,published,,,,,,,
1607468265483_215966,"Aimo Kanerva - omakuva","Aimo Kanerva - omakuva",https://res.cloudinary.com/dolyfnals/images/v1607468288/nnk428/nnk428.jpg,https://dev1.kirjapino.fi/product/aimo-kanerva-omakuva-2/,"Taide, arkkitehtuuri, muotoilu, sisustus","kirjapino.fi",13EUR,in stock,1607468265483_215966,,,1970-01-29T00:00+00:00/1970-01-30T23:59+00:00,13EUR,new,published,,,,,,,
1607468244621_215964,"Kuvien lempeä kapina Suomalaisia naivisteja","Kuvien lempeä kapina Suomalaisia naivisteja",https://res.cloudinary.com/dolyfnals/images/v1607468270/nnk426/nnk426.jpg,https://dev1.kirjapino.fi/product/kuvien-lempea-kapina-suomalaisia-naivisteja-2/,"Taide, arkkitehtuuri, muotoilu, sisustus","kirjapino.fi",15EUR,in stock,1607468244621_215964,,,1970-01-29T00:00+00:00/1970-01-30T23:59+00:00,15EUR,new,published,,,,,,,
1607468224746_215962,"Käsityön ulottovuuksia - Hantverket - Dimensions of Handcraft","Käsityön ulottovuuksia - Hantverket - Dimensions of Handcraft",https://res.cloudinary.com/dolyfnals/images/v1607468242/nnk425/nnk425.jpg,https://dev1.kirjapino.fi/product/kasityon-ulottovuuksia-hantverket-dimensions-of-handcraft/,"Taide, arkkitehtuuri, muotoilu, sisustus","kirjapino.fi",12EUR,in stock,1607468224746_215962,,,1970-01-29T00:00+00:00/1970-01-30T23:59+00:00,12EUR,new,published,,,,,,,
1607468204410_215960,"Edith Södergran Kohtaamisia Helene Schjerfbeck","Edith Södergran Kohtaamisia Helene Schjerfbeck",https://res.cloudinary.com/dolyfnals/images/v1607468218/nnk419/nnk419.jpg,https://dev1.kirjapino.fi/product/edith-sodergran-kohtaamisia-helene-schjerfbeck/,"Taide, arkkitehtuuri, muotoilu, sisustus","kirjapino.fi",13EUR,in stock,1607468204410_215960,,,1970-01-29T00:00+00:00/1970-01-30T23:59+00:00,13EUR,new,published,,,,,,,
1607468179377_215958,"Suomen taidegrafiikka Finsk grafik Graphic Art in Finland","Suomen taidegrafiikka Finsk grafik Graphic Art in Finland",https://res.cloudinary.com/dolyfnals/images/v1607468211/nnk418/nnk418.jpg,https://dev1.kirjapino.fi/product/suomen-taidegrafiikka-finsk-grafik-graphic-art-in-finland/,"Taide, arkkitehtuuri, muotoilu, sisustus","kirjapino.fi",13EUR,in stock,1607468179377_215958,,,1970-01-29T00:00+00:00/1970-01-30T23:59+00:00,13EUR,new,published,,,,,,,
1607468160244_215956,"Wäinö Aaltonen","Wäinö Aaltonen",https://res.cloudinary.com/dolyfnals/images/v1607468186/nnk417/nnk417.jpg,https://dev1.kirjapino.fi/product/waino-aaltonen-3/,"Taide, arkkitehtuuri, muotoilu, sisustus","kirjapino.fi",15EUR,in stock,1607468160244_215956,,,1970-01-29T00:00+00:00/1970-01-30T23:59+00:00,15EUR,new,published,,,,,,,
1607468139948_215954,"Wäinö Aaltonen","Wäinö Aaltonen",https://res.cloudinary.com/dolyfnals/images/v1607468155/nnk416/nnk416.jpg,https://dev1.kirjapino.fi/product/waino-aaltonen-2/,"Taide, arkkitehtuuri, muotoilu, sisustus","kirjapino.fi",13EUR,in stock,1607468139948_215954,,,1970-01-29T00:00+00:00/1970-01-30T23:59+00:00,13EUR,new,published,,,,,,,
1607468117408_215952,"Parhaat pilapiirtäjämme","Parhaat pilapiirtäjämme",https://res.cloudinary.com/dolyfnals/images/v1607468147/nnk415/nnk415.jpg,https://dev1.kirjapino.fi/product/parhaat-pilapiirtajamme/,"Taide, arkkitehtuuri, muotoilu, sisustus","kirjapino.fi",13EUR,in stock,1607468117408_215952,,,1970-01-29T00:00+00:00/1970-01-30T23:59+00:00,13EUR,new,published,,,,,,,
1607468097064_215950,"Kalevalan kuvat Pictures of Kalevala","Kalevalan kuvat Pictures of Kalevala",https://res.cloudinary.com/dolyfnals/images/v1607468124/nnk414/nnk414.jpg,https://dev1.kirjapino.fi/product/kalevalan-kuvat-pictures-of-kalevala/,"Taide, arkkitehtuuri, muotoilu, sisustus","kirjapino.fi",17EUR,in stock,1607468097064_215950,,,1970-01-29T00:00+00:00/1970-01-30T23:59+00:00,17EUR,new,published,,,,,,,
1607468076041_215948,"Taidetta Eduskunnassa Konst i riksdagen Art in Parlament  House","Taidetta Eduskunnassa Konst i riksdagen Art in Parlament  House",https://res.cloudinary.com/dolyfnals/images/v1607468094/nnk411/nnk411.jpg,https://dev1.kirjapino.fi/product/taidetta-eduskunnassa-konst-i-riksdagen-art-in-parlament-house/,"Taide, arkkitehtuuri, muotoilu, sisustus","kirjapino.fi",13EUR,in stock,1607468076041_215948,,,1970-01-29T00:00+00:00/1970-01-30T23:59+00:00,13EUR,new,published,,,,,,,
1607468054707_215946,"A. Gallen-Kallela Piirustuksia teckningar Drawings","A. Gallen-Kallela Piirustuksia teckningar Drawings",https://res.cloudinary.com/dolyfnals/images/v1607468074/nnk410/nnk410.jpg,https://dev1.kirjapino.fi/product/a-gallen-kallela-piirustuksia-teckningar-drawings/,"Taide, arkkitehtuuri, muotoilu, sisustus","kirjapino.fi",17EUR,in stock,1607468054707_215946,,,1970-01-29T00:00+00:00/1970-01-30T23:59+00:00,17EUR,new,published,,,,,,,
1607468034363_215944,"Finlandia - freskojen vuodet Kuvia taistelevasta kansasta","Finlandia - freskojen vuodet Kuvia taistelevasta kansasta",https://res.cloudinary.com/dolyfnals/images/v1607468048/nnk409/nnk409.jpg,https://dev1.kirjapino.fi/product/finlandia-freskojen-vuodet-kuvia-taistelevasta-kansasta/,"Taide, arkkitehtuuri, muotoilu, sisustus","kirjapino.fi",15EUR,in stock,1607468034363_215944,,,1970-01-29T00:00+00:00/1970-01-30T23:59+00:00,15EUR,new,published,,,,,,,
1607468012352_215942,"Carl-Gustaf Lilius Drawings - piirustuksia - teckningar","Carl-Gustaf Lilius Drawings - piirustuksia - teckningar",https://res.cloudinary.com/dolyfnals/images/v1607468034/nnk408/nnk408.jpg,https://dev1.kirjapino.fi/product/carl-gustaf-lilius-drawings-piirustuksia-teckningar/,"Taide, arkkitehtuuri, muotoilu, sisustus","kirjapino.fi",20EUR,in stock,1607468012352_215942,,,1970-01-29T00:00+00:00/1970-01-30T23:59+00:00,20EUR,new,published,,,,,,,
1607467993291_215940,"Reino Viirilä Tampereen taidetta ja taiteilijoita I","Reino Viirilä Tampereen taidetta ja taiteilijoita I",https://res.cloudinary.com/dolyfnals/images/v1607468010/nnk407/nnk407.jpg,https://dev1.kirjapino.fi/product/reino-viirila-tampereen-taidetta-ja-taiteilijoita-i/,"Taide, arkkitehtuuri, muotoilu, sisustus","kirjapino.fi",15EUR,in stock,1607467993291_215940,,,1970-01-29T00:00+00:00/1970-01-30T23:59+00:00,15EUR,new,published,,,,,,,
1607467971081_215938,"Einar Ilmoni Kangasalan erakko","Numeroitu kappale.",https://res.cloudinary.com/dolyfnals/images/v1607467991/nnk283/nnk283.jpg,https://dev1.kirjapino.fi/product/einar-ilmoni-kangasalan-erakko-2/,"Taide, arkkitehtuuri, muotoilu, sisustus","kirjapino.fi",20EUR,in stock,1607467971081_215938,,,1970-01-29T00:00+00:00/1970-01-30T23:59+00:00,20EUR,new,published,,,,,,,
1607467954281_215936,"Vihreä aamu Pekka Halosen siveltimen tarina","Numeroitu kappale.",https://res.cloudinary.com/dolyfnals/images/v1607467970/nnk282/nnk282.jpg,https://dev1.kirjapino.fi/product/vihrea-aamu-pekka-halosen-siveltimen-tarina-2/,"Taide, arkkitehtuuri, muotoilu, sisustus","kirjapino.fi",15EUR,in stock,1607467954281_215936,,,1970-01-29T00:00+00:00/1970-01-30T23:59+00:00,15EUR,new,published,,,,,,,
1607467934713_215934,"Taiteilijan muotokuva Hämeenlinnan Taiteilijaseura 1948-1998","Taiteilijan muotokuva Hämeenlinnan Taiteilijaseura 1948-1998",https://res.cloudinary.com/dolyfnals/images/v1607467971/nnk273/nnk273.jpg,https://dev1.kirjapino.fi/product/taiteilijan-muotokuva-hameenlinnan-taiteilijaseura-1948-1998/,"Taide, arkkitehtuuri, muotoilu, sisustus","kirjapino.fi",15EUR,in stock,1607467934713_215934,,,1970-01-29T00:00+00:00/1970-01-30T23:59+00:00,15EUR,new,published,,,,,,,
1607467912282_215932,"Wäinö Aaltosen seuran vuosikirja VII","Wäinö Aaltosen seuran vuosikirja VII",https://res.cloudinary.com/dolyfnals/images/v1607467929/nnk265/nnk265.jpg,https://dev1.kirjapino.fi/product/waino-aaltosen-seuran-vuosikirja-vii/,"Taide, arkkitehtuuri, muotoilu, sisustus","kirjapino.fi",11EUR,in stock,1607467912282_215932,,,1970-01-29T00:00+00:00/1970-01-30T23:59+00:00,11EUR,new,published,,,,,,,
1607467886778_215930,"Wäinö Aaltosen seuran vuosikirja","Wäinö Aaltosen seuran vuosikirja",https://res.cloudinary.com/dolyfnals/images/v1607467910/nnk267/nnk267.jpg,https://dev1.kirjapino.fi/product/waino-aaltosen-seuran-vuosikirja/,"Taide, arkkitehtuuri, muotoilu, sisustus","kirjapino.fi",11EUR,in stock,1607467886778_215930,,,1970-01-29T00:00+00:00/1970-01-30T23:59+00:00,11EUR,new,published,,,,,,,
1607467868995_215928,"Wäinö Aaltosen seuran vuosikirja IX","Wäinö Aaltosen seuran vuosikirja IX",https://res.cloudinary.com/dolyfnals/images/v1607467890/nnk266/nnk266.jpg,https://dev1.kirjapino.fi/product/waino-aaltosen-seuran-vuosikirja-ix/,"Taide, arkkitehtuuri, muotoilu, sisustus","kirjapino.fi",11EUR,in stock,1607467868995_215928,,,1970-01-29T00:00+00:00/1970-01-30T23:59+00:00,11EUR,new,published,,,,,,,
1607467854557_215926,"Into Linturi - satakuntalainen","Into Linturi - satakuntalainen",https://res.cloudinary.com/dolyfnals/images/v1607467893/nnk264/nnk264.jpg,https://dev1.kirjapino.fi/product/into-linturi-satakuntalainen/,"Taide, arkkitehtuuri, muotoilu, sisustus","kirjapino.fi",13EUR,in stock,1607467854557_215926,,,1970-01-29T00:00+00:00/1970-01-30T23:59+00:00,13EUR,new,published,,,,,,,
1607467833868_215924,"Yksinäisyyttä ja ihmisvilinää","Yksinäisyyttä ja ihmisvilinää",https://res.cloudinary.com/dolyfnals/images/v1607467849/nnk244/nnk244.jpg,https://dev1.kirjapino.fi/product/yksinaisyytta-ja-ihmisvilinaa/,"Taide, arkkitehtuuri, muotoilu, sisustus","kirjapino.fi",13EUR,in stock,1607467833868_215924,,,1970-01-29T00:00+00:00/1970-01-30T23:59+00:00,13EUR,new,published,,,,,,,
1607467814078_215922,"Erään hopealusikan tarina","Erään hopealusikan tarina",https://res.cloudinary.com/dolyfnals/images/v1607467831/nnk165/nnk165.jpg,https://dev1.kirjapino.fi/product/eraan-hopealusikan-tarina/,"Taide, arkkitehtuuri, muotoilu, sisustus","kirjapino.fi",11EUR,in stock,1607467814078_215922,,,1970-01-29T00:00+00:00/1970-01-30T23:59+00:00,11EUR,new,published,,,,,,,
1607467787377_215920,"Suomen taiteen vuosikirja 1944","Nimisivulla aiemman omistajan nimi.",https://res.cloudinary.com/dolyfnals/images/v1607467805/nnk119/nnk119.jpg,https://dev1.kirjapino.fi/product/suomen-taiteen-vuosikirja-1944-2/,"Taide, arkkitehtuuri, muotoilu, sisustus","kirjapino.fi",13EUR,in stock,1607467787377_215920,,,1970-01-29T00:00+00:00/1970-01-30T23:59+00:00,13EUR,new,published,,,,,,,
1607467761490_215918,"Suomen taiteen vuosikirja 1942","Suomen taiteen vuosikirja 1942",https://res.cloudinary.com/dolyfnals/images/v1607467778/nnk118/nnk118.jpg,https://dev1.kirjapino.fi/product/suomen-taiteen-vuosikirja-1942-2/,"Taide, arkkitehtuuri, muotoilu, sisustus","kirjapino.fi",13EUR,in stock,1607467761490_215918,,,1970-01-29T00:00+00:00/1970-01-30T23:59+00:00,13EUR,new,published,,,,,,,
1607467740128_215916,"Juhani Palmu Retrospektinen teoskatselmus Näyttelykirja","Taiteilijan omiste.",https://res.cloudinary.com/dolyfnals/images/v1607468069/nnk117/nnk117.jpg,https://dev1.kirjapino.fi/product/juhani-palmu-retrospektinen-teoskatselmus-nayttelykirja/,"Taide, arkkitehtuuri, muotoilu, sisustus","kirjapino.fi",15EUR,in stock,1607467740128_215916,,,1970-01-29T00:00+00:00/1970-01-30T23:59+00:00,15EUR,new,published,,,,,,,
1607467721101_215914,"Gamla tallrikar Ur tallrikens historia","Gamla tallrikar Ur tallrikens historia",https://res.cloudinary.com/dolyfnals/images/v1607467737/nnj806/nnj806.jpg,https://dev1.kirjapino.fi/product/gamla-tallrikar-ur-tallrikens-historia/,"Taide, arkkitehtuuri, muotoilu, sisustus","kirjapino.fi",13EUR,in stock,1607467721101_215914,,,1970-01-29T00:00+00:00/1970-01-30T23:59+00:00,13EUR,new,published,,,,,,,
1607467699744_215912,"Taiteilijaväkeä","Taiteilijaväkeä",https://res.cloudinary.com/dolyfnals/images/v1607467716/nnj803/nnj803.jpg,https://dev1.kirjapino.fi/product/taiteilijavakea-2/,"Taide, arkkitehtuuri, muotoilu, sisustus","kirjapino.fi",13EUR,in stock,1607467699744_215912,,,1970-01-29T00:00+00:00/1970-01-30T23:59+00:00,13EUR,new,published,,,,,,,
1607467682608_215910,"Kuvaamataidetyylit","Kuvaamataidetyylit",https://res.cloudinary.com/dolyfnals/images/v1607467703/nnj802/nnj802.jpg,https://dev1.kirjapino.fi/product/kuvaamataidetyylit/,"Taide, arkkitehtuuri, muotoilu, sisustus","kirjapino.fi",13EUR,in stock,1607467682608_215910,,,1970-01-29T00:00+00:00/1970-01-30T23:59+00:00,13EUR,new,published,,,,,,,
1607467665410_215908,"Visavuoren mestari Piirteitä Emil Wikströmistä ihmisenä ja taiteilijana","Visavuoren mestari Piirteitä Emil Wikströmistä ihmisenä ja taiteilijana",https://res.cloudinary.com/dolyfnals/images/v1607467678/nnj801/nnj801.jpg,https://dev1.kirjapino.fi/product/visavuoren-mestari-piirteita-emil-wikstromista-ihmisena-ja-taiteilijana-2/,"Taide, arkkitehtuuri, muotoilu, sisustus","kirjapino.fi",12EUR,in stock,1607467665410_215908,,,1970-01-29T00:00+00:00/1970-01-30T23:59+00:00,12EUR,new,published,,,,,,,
1607467640303_215906,"Maailman taide ja taiteilijat maalaustaide - veistotaide - piirrostaide Mitä-Missä-Milloin","Maailman taide ja taiteilijat maalaustaide - veistotaide - piirrostaide Mitä-Missä-Milloin",https://res.cloudinary.com/dolyfnals/images/v1607467668/nnj777/nnj777.jpg,https://dev1.kirjapino.fi/product/maailman-taide-ja-taiteilijat-maalaustaide-veistotaide-piirrostaide-mita-missa-milloin/,"Taide, arkkitehtuuri, muotoilu, sisustus","kirjapino.fi",15EUR,in stock,1607467640303_215906,,,1970-01-29T00:00+00:00/1970-01-30T23:59+00:00,15EUR,new,published,,,,,,,
1607467617480_215904,"Taidearvostelusta","Taidearvostelusta",https://res.cloudinary.com/dolyfnals/images/v1607467652/nnj772/nnj772.jpg,https://dev1.kirjapino.fi/product/taidearvostelusta/,"Taide, arkkitehtuuri, muotoilu, sisustus","kirjapino.fi",11EUR,in stock,1607467617480_215904,,,1970-01-29T00:00+00:00/1970-01-30T23:59+00:00,11EUR,new,published,,,,,,,
1607467590455_215902,"Wäinö Aaltonen Elämää ja taidetta","Wäinö Aaltonen Elämää ja taidetta",https://res.cloudinary.com/dolyfnals/images/v1607467612/1193_swu344_20164418717/1193_swu344_20164418717.jpg,https://dev1.kirjapino.fi/product/waino-aaltonen-elamaa-ja-taidetta/,"Taide, arkkitehtuuri, muotoilu, sisustus","kirjapino.fi",15EUR,in stock,1607467590455_215902,,,1970-01-29T00:00+00:00/1970-01-30T23:59+00:00,15EUR,new,published,,,,,,,
1607467569559_215900,"Linnut liiteli sanoja Laila Karttusen kuvatekstiilien problematiikka.","Linnut liiteli sanoja Laila Karttusen kuvatekstiilien problematiikka.",https://res.cloudinary.com/dolyfnals/images/v1607467590/Peltovuori_Linnut_liiteli_sanoja/Peltovuori_Linnut_liiteli_sanoja.jpg,https://dev1.kirjapino.fi/product/linnut-liiteli-sanoja-laila-karttusen-kuvatekstiilien-problematiikka/,"Taide, arkkitehtuuri, muotoilu, sisustus","kirjapino.fi",13EUR,in stock,1607467569559_215900,,,1970-01-29T00:00+00:00/1970-01-30T23:59+00:00,13EUR,new,published,,,,,,,
1607467550425_215898,"A. Gallen-Kallela Elämä ja taide","A. Gallen-Kallela Elämä ja taide",https://res.cloudinary.com/dolyfnals/images/v1607467565/nnj740/nnj740.jpg,https://dev1.kirjapino.fi/product/a-gallen-kallela-elama-ja-taide/,"Taide, arkkitehtuuri, muotoilu, sisustus","kirjapino.fi",21EUR,in stock,1607467550425_215898,,,1970-01-29T00:00+00:00/1970-01-30T23:59+00:00,21EUR,new,published,,,,,,,
1607467528060_215896,"Taiteen salakieli Puheita ja esitelmiä","Taiteen salakieli Puheita ja esitelmiä",https://res.cloudinary.com/dolyfnals/images/v1607467551/nnj736/nnj736.jpg,https://dev1.kirjapino.fi/product/taiteen-salakieli-puheita-ja-esitelmia-2/,"Taide, arkkitehtuuri, muotoilu, sisustus","kirjapino.fi",13EUR,in stock,1607467528060_215896,,,1970-01-29T00:00+00:00/1970-01-30T23:59+00:00,13EUR,new,published,,,,,,,
1607467509032_215894,"Taiteilijaveljekset von Wright","Taiteilijaveljekset von Wright",https://res.cloudinary.com/dolyfnals/images/v1607467522/antkvaari552/antkvaari552.jpg,https://dev1.kirjapino.fi/product/taiteilijaveljekset-von-wright-2/,"Taide, arkkitehtuuri, muotoilu, sisustus","kirjapino.fi",13EUR,in stock,1607467509032_215894,,,1970-01-29T00:00+00:00/1970-01-30T23:59+00:00,13EUR,new,published,,,,,,,
1607467489042_215892,"Lyhde 1-3 kokoelma ohjeita ABC-oppilaile","Lyhde 1-3 kokoelma ohjeita ABC-oppilaile",https://res.cloudinary.com/dolyfnals/images/v1607467504/nnj653_553075/nnj653_553075.jpg,https://dev1.kirjapino.fi/product/lyhde-1-3-kokoelma-ohjeita-abc-oppilaile/,"Taide, arkkitehtuuri, muotoilu, sisustus","kirjapino.fi",25EUR,in stock,1607467489042_215892,,,1970-01-29T00:00+00:00/1970-01-30T23:59+00:00,25EUR,new,published,,,,,,,
1607467466904_215890,"Taiteen nykyhetki","Taiteen nykyhetki",https://res.cloudinary.com/dolyfnals/images/v1607467478/nnj616/nnj616.jpg,https://dev1.kirjapino.fi/product/taiteen-nykyhetki/,"Taide, arkkitehtuuri, muotoilu, sisustus","kirjapino.fi",11EUR,in stock,1607467466904_215890,,,1970-01-29T00:00+00:00/1970-01-30T23:59+00:00,11EUR,new,published,,,,,,,
1607467448623_215888,"Sallinen Suomen modernin maalaustaiteen tienraivaaja","Sallinen Suomen modernin maalaustaiteen tienraivaaja",https://res.cloudinary.com/dolyfnals/images/v1607467466/nnj582/nnj582.jpg,https://dev1.kirjapino.fi/product/sallinen-suomen-modernin-maalaustaiteen-tienraivaaja-2/,"Taide, arkkitehtuuri, muotoilu, sisustus","kirjapino.fi",11EUR,in stock,1607467448623_215888,,,1970-01-29T00:00+00:00/1970-01-30T23:59+00:00,11EUR,new,published,,,,,,,
1607467428653_215886,"Intohimona taide Vexi Salmen taidekokoelma A Passion for Art Vexi Salmi Collection","Vexi Salmen signeeraus.",https://res.cloudinary.com/dolyfnals/images/v1607467444/nnj525/nnj525.jpg,https://dev1.kirjapino.fi/product/intohimona-taide-vexi-salmen-taidekokoelma-a-passion-for-art-vexi-salmi-collection/,"Taide, arkkitehtuuri, muotoilu, sisustus","kirjapino.fi",21EUR,in stock,1607467428653_215886,,,1970-01-29T00:00+00:00/1970-01-30T23:59+00:00,21EUR,new,published,,,,,,,
1607467404901_215884,"Pilte Jaapanist","Pilte Jaapanist",https://res.cloudinary.com/dolyfnals/images/v1607467430/1193_swu117_201643114737/1193_swu117_201643114737.jpg,https://dev1.kirjapino.fi/product/pilte-jaapanist/,"Taide, arkkitehtuuri, muotoilu, sisustus","kirjapino.fi",11EUR,in stock,1607467404901_215884,,,1970-01-29T00:00+00:00/1970-01-30T23:59+00:00,11EUR,new,published,,,,,,,
1607467388316_215882,"Idän kuvat Kuvataidetta Itä-Suomesta","Idän kuvat Kuvataidetta Itä-Suomesta",https://res.cloudinary.com/dolyfnals/images/v1607467409/1193_swu742_2016417131049/1193_swu742_2016417131049.jpg,https://dev1.kirjapino.fi/product/idan-kuvat-kuvataidetta-ita-suomesta-2/,"Taide, arkkitehtuuri, muotoilu, sisustus","kirjapino.fi",12EUR,in stock,1607467388316_215882,,,1970-01-29T00:00+00:00/1970-01-30T23:59+00:00,12EUR,new,published,,,,,,,
1607467372524_215880,"Kauneimmat kirkkomme","Kauneimmat kirkkomme",https://res.cloudinary.com/dolyfnals/images/v1607467384/1193_swu695_201641620833/1193_swu695_201641620833.jpg,https://dev1.kirjapino.fi/product/kauneimmat-kirkkomme/,"Taide, arkkitehtuuri, muotoilu, sisustus","kirjapino.fi",11EUR,in stock,1607467372524_215880,,,1970-01-29T00:00+00:00/1970-01-30T23:59+00:00,11EUR,new,published,,,,,,,
1607467353092_215878,"Chinesische Kunst","Kansipaperi kulunut, muilta osin kunnossa ei huomauttamista. Aiemman omistajan nimi.",https://res.cloudinary.com/dolyfnals/images/v1607467370/1193_swu304_201644122014/1193_swu304_201644122014.jpg,https://dev1.kirjapino.fi/product/chinesische-kunst/,"Taide, arkkitehtuuri, muotoilu, sisustus","kirjapino.fi",20EUR,in stock,1607467353092_215878,,,1970-01-29T00:00+00:00/1970-01-30T23:59+00:00,20EUR,new,published,,,,,,,
1607467334404_215876,"Gösta Ekman - Människan - Konstnären","Kulunut.",https://res.cloudinary.com/dolyfnals/images/v1607467367/1193_swu100_201642222237/1193_swu100_201642222237.jpg,https://dev1.kirjapino.fi/product/gosta-ekman-manniskan-konstnaren/,"Taide, arkkitehtuuri, muotoilu, sisustus","kirjapino.fi",15EUR,in stock,1607467334404_215876,,,1970-01-29T00:00+00:00/1970-01-30T23:59+00:00,15EUR,new,published,,,,,,,
1607467315041_215874,"European Architecture with Copper","European Architecture with Copper",https://res.cloudinary.com/dolyfnals/images/v1607467346/1193_swu097_201642222052/1193_swu097_201642222052.jpg,https://dev1.kirjapino.fi/product/european-architecture-with-copper/,"Taide, arkkitehtuuri, muotoilu, sisustus","kirjapino.fi",13EUR,in stock,1607467315041_215874,,,1970-01-29T00:00+00:00/1970-01-30T23:59+00:00,13EUR,new,published,,,,,,,
1607467291730_215872,"Alvar Aalto Luonnoksia","Alvar Aalto Luonnoksia",https://res.cloudinary.com/dolyfnals/images/v1607467308/nnj280/nnj280.jpg,https://dev1.kirjapino.fi/product/alvar-aalto-luonnoksia-2/,"Taide, arkkitehtuuri, muotoilu, sisustus","kirjapino.fi",25EUR,in stock,1607467291730_215872,,,1970-01-29T00:00+00:00/1970-01-30T23:59+00:00,25EUR,new,published,,,,,,,
1607467270867_215870,"Suomalaisia pienoisveistoksia","Etukannen sisäpuolella aiemman omistajan exlibris.",https://res.cloudinary.com/dolyfnals/images/v1607467288/nnj262/nnj262.jpg,https://dev1.kirjapino.fi/product/suomalaisia-pienoisveistoksia-3/,"Taide, arkkitehtuuri, muotoilu, sisustus","kirjapino.fi",11EUR,in stock,1607467270867_215870,,,1970-01-29T00:00+00:00/1970-01-30T23:59+00:00,11EUR,new,published,,,,,,,
1607467247709_215868,"Alpo Jaakola 30-vuotisen taiteilijataipaleen taakse jätetytyn katselmus  Näyttelykirja","Alpo Jaakola 30-vuotisen taiteilijataipaleen taakse jätetytyn katselmus  Näyttelykirja",https://res.cloudinary.com/dolyfnals/images/v1607467260/1193_swu741_2016417131016/1193_swu741_2016417131016.jpg,https://dev1.kirjapino.fi/product/alpo-jaakola-30-vuotisen-taiteilijataipaleen-taakse-jatetytyn-katselmus-nayttelykirja/,"Taide, arkkitehtuuri, muotoilu, sisustus","kirjapino.fi",10EUR,in stock,1607467247709_215868,,,1970-01-29T00:00+00:00/1970-01-30T23:59+00:00,10EUR,new,published,,,,,,,
1607467226016_215866,"Artistican pieni itämaisten mattojen aapinen","Artistican pieni itämaisten mattojen aapinen",https://res.cloudinary.com/dolyfnals/images/v1607467252/1193_swt620_2016326145547/1193_swt620_2016326145547.jpg,https://dev1.kirjapino.fi/product/artistican-pieni-itamaisten-mattojen-aapinen-2/,"Taide, arkkitehtuuri, muotoilu, sisustus","kirjapino.fi",13EUR,in stock,1607467226016_215866,,,1970-01-29T00:00+00:00/1970-01-30T23:59+00:00,13EUR,new,published,,,,,,,
1607467204236_215864,"Thai Architecture and Painting","Thai Architecture and Painting",https://res.cloudinary.com/dolyfnals/images/v1607467225/1193_swt801_2016327192949/1193_swt801_2016327192949.jpg,https://dev1.kirjapino.fi/product/thai-architecture-and-painting/,"Taide, arkkitehtuuri, muotoilu, sisustus","kirjapino.fi",12EUR,in stock,1607467204236_215864,,,1970-01-29T00:00+00:00/1970-01-30T23:59+00:00,12EUR,new,published,,,,,,,
1607467182701_215862,"Ragnar Ekelund 1892 - 1960  Näyttelykirja 1981","Ragnar Ekelund 1892 - 1960  Näyttelykirja 1981",https://res.cloudinary.com/dolyfnals/images/v1607467198/1193_swu046_201642214726/1193_swu046_201642214726.jpg,https://dev1.kirjapino.fi/product/ragnar-ekelund-1892-1960-nayttelykirja-1981/,"Taide, arkkitehtuuri, muotoilu, sisustus","kirjapino.fi",10EUR,in stock,1607467182701_215862,,,1970-01-29T00:00+00:00/1970-01-30T23:59+00:00,10EUR,new,published,,,,,,,
1607467157600_215860,"Koti ja kontu Ruotsalaisen huvilan ja huvilakaupungin tutkielmia","Nidos hieman huonossa kunnossa. Ensimmäisellä sivulla aiemman omistajan nimi.",https://res.cloudinary.com/dolyfnals/images/v1607467180/1193_swt728_2016327145344/1193_swt728_2016327145344.jpg,https://dev1.kirjapino.fi/product/koti-ja-kontu-ruotsalaisen-huvilan-ja-huvilakaupungin-tutkielmia/,"Taide, arkkitehtuuri, muotoilu, sisustus","kirjapino.fi",15EUR,in stock,1607467157600_215860,,,1970-01-29T00:00+00:00/1970-01-30T23:59+00:00,15EUR,new,published,,,,,,,
1607467137170_215858,"Armas Hutri. Veistoksia skulpture Sculptures","Armas Hutrin signeeraus.",https://res.cloudinary.com/dolyfnals/images/v1607467168/1193_swu362_201644183038/1193_swu362_201644183038.jpg,https://dev1.kirjapino.fi/product/armas-hutri-veistoksia-skulpture-sculptures/,"Taide, arkkitehtuuri, muotoilu, sisustus","kirjapino.fi",15EUR,in stock,1607467137170_215858,,,1970-01-29T00:00+00:00/1970-01-30T23:59+00:00,15EUR,new,published,,,,,,,
1607467113134_215856,"Ihmisen mittaa Mäntän 2.kuvataideviikkojen näyttelykirja 1995","Ihmisen mittaa Mäntän 2.kuvataideviikkojen näyttelykirja 1995",https://res.cloudinary.com/dolyfnals/images/v1607467132/1193_swu301_201644121617/1193_swu301_201644121617.jpg,https://dev1.kirjapino.fi/product/ihmisen-mittaa-mantan-2-kuvataideviikkojen-nayttelykirja-1995/,"Taide, arkkitehtuuri, muotoilu, sisustus","kirjapino.fi",10EUR,in stock,1607467113134_215856,,,1970-01-29T00:00+00:00/1970-01-30T23:59+00:00,10EUR,new,published,,,,,,,
1607467088682_215854,"Gunnar Finne kuvanveistäjä","Selkämyksen yläosassa pieni vika.",https://res.cloudinary.com/dolyfnals/images/v1607467104/1193_antkvaari297_20164312527/1193_antkvaari297_20164312527.jpg,https://dev1.kirjapino.fi/product/gunnar-finne-kuvanveistaja/,"Taide, arkkitehtuuri, muotoilu, sisustus","kirjapino.fi",11EUR,in stock,1607467088682_215854,,,1970-01-29T00:00+00:00/1970-01-30T23:59+00:00,11EUR,new,published,,,,,,,
1607467069369_215852,"Mikko Hovi","Mikko Hovi",https://res.cloudinary.com/dolyfnals/images/v1607467083/1193_swu425_201649152458/1193_swu425_201649152458.jpg,https://dev1.kirjapino.fi/product/mikko-hovi/,"Taide, arkkitehtuuri, muotoilu, sisustus","kirjapino.fi",11EUR,in stock,1607467069369_215852,,,1970-01-29T00:00+00:00/1970-01-30T23:59+00:00,11EUR,new,published,,,,,,,
1607467050234_215850,"Kuvataiteilijat 1972","Suomen kuvataiteilijoiden henkilöhakemisto 1972. Kansipaperi hieman kulunut, muilta osin virheetön kunto.",https://res.cloudinary.com/dolyfnals/images/v1607467068/1193_swu672_2016416192438/1193_swu672_2016416192438.jpg,https://dev1.kirjapino.fi/product/kuvataiteilijat-1972/,"Taide, arkkitehtuuri, muotoilu, sisustus","kirjapino.fi",13EUR,in stock,1607467050234_215850,,,1970-01-29T00:00+00:00/1970-01-30T23:59+00:00,13EUR,new,published,,,,,,,
1607467031449_215848,"Eugen - Ett konstnärs album - Målningar,akvareller,teckningar","Ensimmäisen sivun yläreunassa aiemman omistajan nimi.",https://res.cloudinary.com/dolyfnals/images/v1607467047/1193_swu102_201643113347/1193_swu102_201643113347.jpg,https://dev1.kirjapino.fi/product/eugen-ett-konstnars-album-malningarakvarellerteckningar/,"Taide, arkkitehtuuri, muotoilu, sisustus","kirjapino.fi",15EUR,in stock,1607467031449_215848,,,1970-01-29T00:00+00:00/1970-01-30T23:59+00:00,15EUR,new,published,,,,,,,
1607467009525_215846,"Kaunista kotiin. 500 sisustusvinkkiä","Kaunista kotiin. 500 sisustusvinkkiä",https://res.cloudinary.com/dolyfnals/images/v1607467026/1193_swu098_201642222132/1193_swu098_201642222132.jpg,https://dev1.kirjapino.fi/product/kaunista-kotiin-500-sisustusvinkkia/,"Taide, arkkitehtuuri, muotoilu, sisustus","kirjapino.fi",15EUR,in stock,1607467009525_215846,,,1970-01-29T00:00+00:00/1970-01-30T23:59+00:00,15EUR,new,published,,,,,,,
1607466980749_215844,"Neuvosto-Eestin taideteollisuus ja käsityötaiteilijat","Neuvosto-Eestin taideteollisuus ja käsityötaiteilijat",https://res.cloudinary.com/dolyfnals/images/v1607467011/nnj215/nnj215.jpg,https://dev1.kirjapino.fi/product/neuvosto-eestin-taideteollisuus-ja-kasityotaiteilijat-2/,"Taide, arkkitehtuuri, muotoilu, sisustus","kirjapino.fi",12EUR,in stock,1607466980749_215844,,,1970-01-29T00:00+00:00/1970-01-30T23:59+00:00,12EUR,new,published,,,,,,,
1607466957103_215842,"Alice Kaira Paratiisilaiva / Näyttelykirja","Alice Kaira Paratiisilaiva / Näyttelykirja",https://res.cloudinary.com/dolyfnals/images/v1607466980/1193_swu870_2016419143318/1193_swu870_2016419143318.jpg,https://dev1.kirjapino.fi/product/alice-kaira-paratiisilaiva-nayttelykirja/,"Taide, arkkitehtuuri, muotoilu, sisustus","kirjapino.fi",10EUR,in stock,1607466957103_215842,,,1970-01-29T00:00+00:00/1970-01-30T23:59+00:00,10EUR,new,published,,,,,,,
1607466937741_215840,"Konsten -84 Internationell konstårsbok","Konsten -84 Internationell konstårsbok",https://res.cloudinary.com/dolyfnals/images/v1607466956/1193_swu776_2016418181615/1193_swu776_2016418181615.jpg,https://dev1.kirjapino.fi/product/konsten-84-internationell-konstarsbok/,"Taide, arkkitehtuuri, muotoilu, sisustus","kirjapino.fi",15EUR,in stock,1607466937741_215840,,,1970-01-29T00:00+00:00/1970-01-30T23:59+00:00,15EUR,new,published,,,,,,,
1607466916292_215838,"Uuden kuvan rakentajat.Konkretismin läpimurto Suomessa.","Uuden kuvan rakentajat.Konkretismin läpimurto Suomessa.",https://res.cloudinary.com/dolyfnals/images/v1607466955/1193_swu778_2016418181652/1193_swu778_2016418181652.jpg,https://dev1.kirjapino.fi/product/uuden-kuvan-rakentajat-konkretismin-lapimurto-suomessa-2/,"Taide, arkkitehtuuri, muotoilu, sisustus","kirjapino.fi",25EUR,in stock,1607466916292_215838,,,1970-01-29T00:00+00:00/1970-01-30T23:59+00:00,25EUR,new,published,,,,,,,
1607466895158_215836,"Kansallisgalleria Washington Maailman taideaarteita 4","Etukannen sisäpuolella aiemman omistajan exlibris.",https://res.cloudinary.com/dolyfnals/images/v1607467226/1193_swu769_201641818222/1193_swu769_201641818222.jpg,https://dev1.kirjapino.fi/product/kansallisgalleria-washington-maailman-taideaarteita-4/,"Taide, arkkitehtuuri, muotoilu, sisustus","kirjapino.fi",13EUR,in stock,1607466895158_215836,,,1970-01-29T00:00+00:00/1970-01-30T23:59+00:00,13EUR,new,published,,,,,,,
1607466869235_215834,"Deutsche Textilkunst in Ihrer Entwicklung bis zur Gegenwart","Deutsche Textilkunst in Ihrer Entwicklung bis zur Gegenwart",https://res.cloudinary.com/dolyfnals/images/v1607466896/1193_swu746_2016418175125/1193_swu746_2016418175125.jpg,https://dev1.kirjapino.fi/product/deutsche-textilkunst-in-ihrer-entwicklung-bis-zur-gegenwart/,"Taide, arkkitehtuuri, muotoilu, sisustus","kirjapino.fi",25EUR,in stock,1607466869235_215834,,,1970-01-29T00:00+00:00/1970-01-30T23:59+00:00,25EUR,new,published,,,,,,,
1607466844941_215832,"Intention - Seitsemäs pohjoismainen tekstiilitriennaali","Näyttelykirja",https://res.cloudinary.com/dolyfnals/images/v1607466872/1193_swu743_2016417131126/1193_swu743_2016417131126.jpg,https://dev1.kirjapino.fi/product/intention-seitsemas-pohjoismainen-tekstiilitriennaali/,"Taide, arkkitehtuuri, muotoilu, sisustus","kirjapino.fi",13EUR,in stock,1607466844941_215832,,,1970-01-29T00:00+00:00/1970-01-30T23:59+00:00,13EUR,new,published,,,,,,,
1607466821801_215830,"Veistosten kaupunki Taidetta Helsingin katukuvassa.","Veistosten kaupunki Taidetta Helsingin katukuvassa.",https://res.cloudinary.com/dolyfnals/images/v1607466847/1193_swu657_2016416191315/1193_swu657_2016416191315.jpg,https://dev1.kirjapino.fi/product/veistosten-kaupunki-taidetta-helsingin-katukuvassa-3/,"Taide, arkkitehtuuri, muotoilu, sisustus","kirjapino.fi",17EUR,in stock,1607466821801_215830,,,1970-01-29T00:00+00:00/1970-01-30T23:59+00:00,17EUR,new,published,,,,,,,
1607466796620_215828,"Kallela-kirja Iltapuhdejutelmia","Ensimmäisen sivun yläreunassa aiemman omistajan nimi.",https://res.cloudinary.com/dolyfnals/images/v1607466827/1193_swu646_201641619414/1193_swu646_201641619414.jpg,https://dev1.kirjapino.fi/product/kallela-kirja-iltapuhdejutelmia-2/,"Taide, arkkitehtuuri, muotoilu, sisustus","kirjapino.fi",20EUR,in stock,1607466796620_215828,,,1970-01-29T00:00+00:00/1970-01-30T23:59+00:00,20EUR,new,published,,,,,,,
1607466770566_215826,"Koti meren rannalla.","Koti meren rannalla.",https://res.cloudinary.com/dolyfnals/images/v1607466791/1193_swu381_20164418468/1193_swu381_20164418468.jpg,https://dev1.kirjapino.fi/product/koti-meren-rannalla/,"Taide, arkkitehtuuri, muotoilu, sisustus","kirjapino.fi",13EUR,in stock,1607466770566_215826,,,1970-01-29T00:00+00:00/1970-01-30T23:59+00:00,13EUR,new,published,,,,,,,
1607466750909_215824,"Albert Edelfelt","Albert Edelfelt",https://res.cloudinary.com/dolyfnals/images/v1607466775/1193_swu336_201644174147/1193_swu336_201644174147.jpg,https://dev1.kirjapino.fi/product/albert-edelfelt-5/,"Taide, arkkitehtuuri, muotoilu, sisustus","kirjapino.fi",22EUR,in stock,1607466750909_215824,,,1970-01-29T00:00+00:00/1970-01-30T23:59+00:00,22EUR,new,published,,,,,,,
1607466727555_215822,"Early Chinese Pottery and Porcelain","Ensimmäisen sivun yläreunassa aiemman omistajan nimi.",https://res.cloudinary.com/dolyfnals/images/v1607466754/1193_swu310_201644122416/1193_swu310_201644122416.jpg,https://dev1.kirjapino.fi/product/early-chinese-pottery-and-porcelain/,"Taide, arkkitehtuuri, muotoilu, sisustus","kirjapino.fi",20EUR,in stock,1607466727555_215822,,,1970-01-29T00:00+00:00/1970-01-30T23:59+00:00,20EUR,new,published,,,,,,,
1607466701634_215820,"Faberge - 1800-luvun venäläisten mestareiden jalokivitaidetta  -  19th Century Russian Masters in Gemology  -  Näyttelykirja","Faberge - 1800-luvun venäläisten mestareiden jalokivitaidetta  -  19th Century Russian Masters in Gemology  -  Näyttelykirja",https://res.cloudinary.com/dolyfnals/images/v1607466726/1193_swu087_201642221415/1193_swu087_201642221415.jpg,https://dev1.kirjapino.fi/product/faberge-1800-luvun-venalaisten-mestareiden-jalokivitaidetta-19th-century-russian-masters-in-gemology-nayttelykirja/,"Taide, arkkitehtuuri, muotoilu, sisustus","kirjapino.fi",11EUR,in stock,1607466701634_215820,,,1970-01-29T00:00+00:00/1970-01-30T23:59+00:00,11EUR,new,published,,,,,,,
1607466675193_215818,"Puhdas tyyli - Sisustusopas","Puhdas tyyli - Sisustusopas",https://res.cloudinary.com/dolyfnals/images/v1607466718/1193_swt840_201632720032/1193_swt840_201632720032.jpg,https://dev1.kirjapino.fi/product/puhdas-tyyli-sisustusopas/,"Taide, arkkitehtuuri, muotoilu, sisustus","kirjapino.fi",15EUR,in stock,1607466675193_215818,,,1970-01-29T00:00+00:00/1970-01-30T23:59+00:00,15EUR,new,published,,,,,,,
1607466649475_215816,"Venny Soldan-Brofeldt ja hänen maailmansa","Venny Soldan-Brofeldt ja hänen maailmansa",https://res.cloudinary.com/dolyfnals/images/v1607466668/1193_swt765_2016327153239/1193_swt765_2016327153239.jpg,https://dev1.kirjapino.fi/product/venny-soldan-brofeldt-ja-hanen-maailmansa/,"Taide, arkkitehtuuri, muotoilu, sisustus","kirjapino.fi",15EUR,in stock,1607466649475_215816,,,1970-01-29T00:00+00:00/1970-01-30T23:59+00:00,15EUR,new,published,,,,,,,
1607466628489_215814,"Kaunis & mukava koti","Kaunis & mukava koti",https://res.cloudinary.com/dolyfnals/images/v1607466648/1193_swt759_201632715281/1193_swt759_201632715281.jpg,https://dev1.kirjapino.fi/product/kaunis-mukava-koti-2/,"Taide, arkkitehtuuri, muotoilu, sisustus","kirjapino.fi",13EUR,in stock,1607466628489_215814,,,1970-01-29T00:00+00:00/1970-01-30T23:59+00:00,13EUR,new,published,,,,,,,
1607466610782_215812,"Arkitaide - Maailmantaide - Euroopan taiteen tyylinkehitys","Avaamaton kappale.",https://res.cloudinary.com/dolyfnals/images/v1607466623/1193_swt753_2016327152239/1193_swt753_2016327152239.jpg,https://dev1.kirjapino.fi/product/arkitaide-maailmantaide-euroopan-taiteen-tyylinkehitys/,"Taide, arkkitehtuuri, muotoilu, sisustus","kirjapino.fi",15EUR,in stock,1607466610782_215812,,,1970-01-29T00:00+00:00/1970-01-30T23:59+00:00,15EUR,new,published,,,,,,,
1607466589207_215810,"Taiteilijan kamppailu Eräitä taiteen kiihkeimpiä etsijöitä","Ensimmäisen sivun yläreunassa aiemman omistajan nimi.",https://res.cloudinary.com/dolyfnals/images/v1607466604/1193_swt749_2016327151932/1193_swt749_2016327151932.jpg,https://dev1.kirjapino.fi/product/taiteilijan-kamppailu-eraita-taiteen-kiihkeimpia-etsijoita-2/,"Taide, arkkitehtuuri, muotoilu, sisustus","kirjapino.fi",20EUR,in stock,1607466589207_215810,,,1970-01-29T00:00+00:00/1970-01-30T23:59+00:00,20EUR,new,published,,,,,,,
1607466562836_215808,"Keittiö - Sisustajan opas","Keittiö - Sisustajan opas",https://res.cloudinary.com/dolyfnals/images/v1607466582/1193_swt672_2016326164111/1193_swt672_2016326164111.jpg,https://dev1.kirjapino.fi/product/keittio-sisustajan-opas/,"Taide, arkkitehtuuri, muotoilu, sisustus","kirjapino.fi",13EUR,in stock,1607466562836_215808,,,1970-01-29T00:00+00:00/1970-01-30T23:59+00:00,13EUR,new,published,,,,,,,
1607466545716_215806,"Anish Kapoor. Näyttelykirja. Essee Michael Tarantio","Anish Kapoor. Näyttelykirja. Essee Michael Tarantio",https://res.cloudinary.com/dolyfnals/images/v1607466566/1193_swt670_2016326163945/1193_swt670_2016326163945.jpg,https://dev1.kirjapino.fi/product/anish-kapoor-nayttelykirja-essee-michael-tarantio/,"Taide, arkkitehtuuri, muotoilu, sisustus","kirjapino.fi",15EUR,in stock,1607466545716_215806,,,1970-01-29T00:00+00:00/1970-01-30T23:59+00:00,15EUR,new,published,,,,,,,
1607466524043_215804,"Aivazovski ja meri - Ivan Aivazovskin ja hänen aikalaistensa maalauksia ja piirustuksia - Näyttelykirja","Aivazovski ja meri - Ivan Aivazovskin ja hänen aikalaistensa maalauksia ja piirustuksia - Näyttelykirja",https://res.cloudinary.com/dolyfnals/images/v1607466538/1193_swt668_2016326163832/1193_swt668_2016326163832.jpg,https://dev1.kirjapino.fi/product/aivazovski-ja-meri-ivan-aivazovskin-ja-hanen-aikalaistensa-maalauksia-ja-piirustuksia-nayttelykirja/,"Taide, arkkitehtuuri, muotoilu, sisustus","kirjapino.fi",13EUR,in stock,1607466524043_215804,,,1970-01-29T00:00+00:00/1970-01-30T23:59+00:00,13EUR,new,published,,,,,,,
1607466504612_215802,"Quo Vadis Architectura? Striving for a Modern Utopia.Seven Ways towards an Eloquent Landscape Architecture","Nils Erik Wickberg lectures 2006.",https://res.cloudinary.com/dolyfnals/images/v1607466517/1193_swt654_2016326154453/1193_swt654_2016326154453.jpg,https://dev1.kirjapino.fi/product/quo-vadis-architectura-striving-for-a-modern-utopia-seven-ways-towards-an-eloquent-landscape-architecture/,"Taide, arkkitehtuuri, muotoilu, sisustus","kirjapino.fi",13EUR,in stock,1607466504612_215802,,,1970-01-29T00:00+00:00/1970-01-30T23:59+00:00,13EUR,new,published,,,,,,,
1607466460966_215798,"Venäläinen Suomi","Venäläinen Suomi",https://res.cloudinary.com/dolyfnals/images/v1607466472/nnl290/nnl290.jpg,https://dev1.kirjapino.fi/product/venalainen-suomi-2/,"Suomen historia","kirjapino.fi",12EUR,in stock,1607466460966_215798,,,1970-01-29T00:00+00:00/1970-01-30T23:59+00:00,12EUR,new,published,,,,,,,
1607466443577_215796,"Hämärän ja sarastuksen ajoilta","Hämärän ja sarastuksen ajoilta",https://res.cloudinary.com/dolyfnals/images/v1607466474/nnl246/nnl246.jpg,https://dev1.kirjapino.fi/product/hamaran-ja-sarastuksen-ajoilta-2/,"Suomen historia","kirjapino.fi",15EUR,in stock,1607466443577_215796,,,1970-01-29T00:00+00:00/1970-01-30T23:59+00:00,15EUR,new,published,,,,,,,
1607465967589_215794,"Pirtua, pirtua... Kieltolaki Suomessa 1.6.1919 - 5.4.1932","Pirtua, pirtua... Kieltolaki Suomessa 1.6.1919 - 5.4.1932",https://res.cloudinary.com/dolyfnals/images/v1607465987/nnl241/nnl241.jpg,https://dev1.kirjapino.fi/product/pirtua-pirtua-kieltolaki-suomessa-1-6-1919-5-4-1932-2/,"Suomen historia","kirjapino.fi",13EUR,in stock,1607465967589_215794,,,1970-01-29T00:00+00:00/1970-01-30T23:59+00:00,13EUR,new,published,,,,,,,
1607465950508_215792,"Imatran tarina Matkailuhistoriamme valtaväyliltä","Imatran tarina Matkailuhistoriamme valtaväyliltä",https://res.cloudinary.com/dolyfnals/images/v1607465966/nnl177/nnl177.jpg,https://dev1.kirjapino.fi/product/imatran-tarina-matkailuhistoriamme-valtavaylilta/,"Suomen historia","kirjapino.fi",13EUR,in stock,1607465950508_215792,,,1970-01-29T00:00+00:00/1970-01-30T23:59+00:00,13EUR,new,published,,,,,,,
1607465932463_215790,"Suomalaisia päivätapahtumia","Suomalaisia päivätapahtumia",https://res.cloudinary.com/dolyfnals/images/v1607465944/nnl127/nnl127.jpg,https://dev1.kirjapino.fi/product/suomalaisia-paivatapahtumia/,"Suomen historia","kirjapino.fi",21EUR,in stock,1607465932463_215790,,,1970-01-29T00:00+00:00/1970-01-30T23:59+00:00,21EUR,new,published,,,,,,,
1607465912949_215788,"Ratkaisun hetkiä Tasavallan Presidentti Risto Rytin puheita","Ratkaisun hetkiä Tasavallan Presidentti Risto Rytin puheita",https://res.cloudinary.com/dolyfnals/images/v1607465932/nnl079/nnl079.jpg,https://dev1.kirjapino.fi/product/ratkaisun-hetkia-tasavallan-presidentti-risto-rytin-puheita/,"Suomen historia","kirjapino.fi",13EUR,in stock,1607465912949_215788,,,1970-01-29T00:00+00:00/1970-01-30T23:59+00:00,13EUR,new,published,,,,,,,
1607465894422_215786,"Lääninhallinto 350 vuotta Länsförvaltningen 350 år","Lääninhallinto 350 vuotta Länsförvaltningen 350 år",https://res.cloudinary.com/dolyfnals/images/v1607465915/nnk993/nnk993.jpg,https://dev1.kirjapino.fi/product/laaninhallinto-350-vuotta-lansforvaltningen-350-ar/,"Suomen historia","kirjapino.fi",13EUR,in stock,1607465894422_215786,,,1970-01-29T00:00+00:00/1970-01-30T23:59+00:00,13EUR,new,published,,,,,,,
1607465873695_215784,"Kaasua! Maakaasu ja Suomi 1974-2004","Tekijän omiste.",https://res.cloudinary.com/dolyfnals/images/v1607465890/nnk981/nnk981.jpg,https://dev1.kirjapino.fi/product/kaasua-maakaasu-ja-suomi-1974-2004/,"Suomen historia","kirjapino.fi",15EUR,in stock,1607465873695_215784,,,1970-01-29T00:00+00:00/1970-01-30T23:59+00:00,15EUR,new,published,,,,,,,
1607465854333_215782,"Suomen postilaitoksen historia 1638-1938 I Ruotsin vallan aika","Suomen postilaitoksen historia 1638-1938 I Ruotsin vallan aika",https://res.cloudinary.com/dolyfnals/images/v1607465872/nnk936/nnk936.jpg,https://dev1.kirjapino.fi/product/suomen-postilaitoksen-historia-1638-1938-i-ruotsin-vallan-aika/,"Suomen historia","kirjapino.fi",21EUR,in stock,1607465854333_215782,,,1970-01-29T00:00+00:00/1970-01-30T23:59+00:00,21EUR,new,published,,,,,,,
1607465837541_215780,"Toimintani Moskovassa ja Suomessa 1939-41","Toimintani Moskovassa ja Suomessa 1939-41",https://res.cloudinary.com/dolyfnals/images/v1607465865/nnk929/nnk929.jpg,https://dev1.kirjapino.fi/product/toimintani-moskovassa-ja-suomessa-1939-41/,"Suomen historia","kirjapino.fi",12EUR,in stock,1607465837541_215780,,,1970-01-29T00:00+00:00/1970-01-30T23:59+00:00,12EUR,new,published,,,,,,,
1607465820660_215778,"NKP ja Suomi Keskuskomitean salaisia dokumentteja 1955-1968","NKP ja Suomi Keskuskomitean salaisia dokumentteja 1955-1968",https://res.cloudinary.com/dolyfnals/images/v1607465843/nnk902/nnk902.jpg,https://dev1.kirjapino.fi/product/nkp-ja-suomi-keskuskomitean-salaisia-dokumentteja-1955-1968-2/,"Suomen historia","kirjapino.fi",13EUR,in stock,1607465820660_215778,,,1970-01-29T00:00+00:00/1970-01-30T23:59+00:00,13EUR,new,published,,,,,,,
1607465800560_215776,"Suosikkisenaattorit Venäjän keisarin suosio suomalaisten senaattoreiden menestyksen perustana 1809-1892","Tekijän omiste,",https://res.cloudinary.com/dolyfnals/images/v1607465817/nnk898/nnk898.jpg,https://dev1.kirjapino.fi/product/suosikkisenaattorit-venajan-keisarin-suosio-suomalaisten-senaattoreiden-menestyksen-perustana-1809-1892-2/,"Suomen historia","kirjapino.fi",20EUR,in stock,1607465800560_215776,,,1970-01-29T00:00+00:00/1970-01-30T23:59+00:00,20EUR,new,published,,,,,,,
1607465779680_215774,"Suomen älymystö Venäjän varjossa","Suomen älymystö Venäjän varjossa",https://res.cloudinary.com/dolyfnals/images/v1607465810/nnk849/nnk849.jpg,https://dev1.kirjapino.fi/product/suomen-alymysto-venajan-varjossa-3/,"Suomen historia","kirjapino.fi",15EUR,in stock,1607465779680_215774,,,1970-01-29T00:00+00:00/1970-01-30T23:59+00:00,15EUR,new,published,,,,,,,
1607465758893_215772,"Presidentin valinta","Tekijän omiste.",https://res.cloudinary.com/dolyfnals/images/v1607465788/nnk822/nnk822.jpg,https://dev1.kirjapino.fi/product/presidentin-valinta/,"Suomen historia","kirjapino.fi",17EUR,in stock,1607465758893_215772,,,1970-01-29T00:00+00:00/1970-01-30T23:59+00:00,17EUR,new,published,,,,,,,
1607465737781_215770,"Isoviha","Isoviha",https://res.cloudinary.com/dolyfnals/images/v1607465753/nnk794/nnk794.jpg,https://dev1.kirjapino.fi/product/isoviha-2/,"Suomen historia","kirjapino.fi",15EUR,in stock,1607465737781_215770,,,1970-01-29T00:00+00:00/1970-01-30T23:59+00:00,15EUR,new,published,,,,,,,
1607465713120_215768,"Ei Stalin eikä Hitler Suomen turvallisuuspolitiikka toisen maailmansodan aikana","Ei Stalin eikä Hitler Suomen turvallisuuspolitiikka toisen maailmansodan aikana",https://res.cloudinary.com/dolyfnals/images/v1607465743/nnk770/nnk770.jpg,https://dev1.kirjapino.fi/product/ei-stalin-eika-hitler-suomen-turvallisuuspolitiikka-toisen-maailmansodan-aikana-2/,"Suomen historia","kirjapino.fi",13EUR,in stock,1607465713120_215768,,,1970-01-29T00:00+00:00/1970-01-30T23:59+00:00,13EUR,new,published,,,,,,,
1607465690594_215766,"Suomen rauhansopimus","Suomi-Neuvostoliitto Seuran poistoleima.",https://res.cloudinary.com/dolyfnals/images/v1607465710/nnk768/nnk768.jpg,https://dev1.kirjapino.fi/product/suomen-rauhansopimus/,"Suomen historia","kirjapino.fi",13EUR,in stock,1607465690594_215766,,,1970-01-29T00:00+00:00/1970-01-30T23:59+00:00,13EUR,new,published,,,,,,,
1607465662638_215764,"Taistelu talonpojasta Suomen Kommunistisen Puolueen suhde talonpoikaiskysymykseen ja talonpoikaisliikkeisiin 1918-1939","Taistelu talonpojasta Suomen Kommunistisen Puolueen suhde talonpoikaiskysymykseen ja talonpoikaisliikkeisiin 1918-1939",https://res.cloudinary.com/dolyfnals/images/v1607465684/nnk740/nnk740.jpg,https://dev1.kirjapino.fi/product/taistelu-talonpojasta-suomen-kommunistisen-puolueen-suhde-talonpoikaiskysymykseen-ja-talonpoikaisliikkeisiin-1918-1939-2/,"Suomen historia","kirjapino.fi",17EUR,in stock,1607465662638_215764,,,1970-01-29T00:00+00:00/1970-01-30T23:59+00:00,17EUR,new,published,,,,,,,
1607465644507_215762,"UKK:n syvä jälki Perintö vai painolasti?","Tekijän omiste.",https://res.cloudinary.com/dolyfnals/images/v1607465667/nnk739/nnk739.jpg,https://dev1.kirjapino.fi/product/ukkn-syva-jalki-perinto-vai-painolasti-2/,"Suomen historia","kirjapino.fi",17EUR,in stock,1607465644507_215762,,,1970-01-29T00:00+00:00/1970-01-30T23:59+00:00,17EUR,new,published,,,,,,,
1607465623849_215760,"Inkerin suomalaiset GPU:n kynsissä","Inkerin suomalaiset GPU:n kynsissä",https://res.cloudinary.com/dolyfnals/images/v1607465641/nnk719/nnk719.jpg,https://dev1.kirjapino.fi/product/inkerin-suomalaiset-gpun-kynsissa-2/,"Suomen historia","kirjapino.fi",20EUR,in stock,1607465623849_215760,,,1970-01-29T00:00+00:00/1970-01-30T23:59+00:00,20EUR,new,published,,,,,,,
1607465602521_215758,"Kuoleman laiva S/S Hohenhörn Juutalaispakolaisten kohtalo Suomessa","Kuoleman laiva S/S Hohenhörn Juutalaispakolaisten kohtalo Suomessa",https://res.cloudinary.com/dolyfnals/images/v1607465619/nnk676/nnk676.jpg,https://dev1.kirjapino.fi/product/kuoleman-laiva-s-s-hohenhorn-juutalaispakolaisten-kohtalo-suomessa-2/,"Suomen historia","kirjapino.fi",13EUR,in stock,1607465602521_215758,,,1970-01-29T00:00+00:00/1970-01-30T23:59+00:00,13EUR,new,published,,,,,,,
1607465583096_215756,"Pirtusota Suomemme rannoilla","Pirtusota Suomemme rannoilla",https://res.cloudinary.com/dolyfnals/images/v1607465607/nnk657/nnk657.jpg,https://dev1.kirjapino.fi/product/pirtusota-suomemme-rannoilla-2/,"Suomen historia","kirjapino.fi",13EUR,in stock,1607465583096_215756,,,1970-01-29T00:00+00:00/1970-01-30T23:59+00:00,13EUR,new,published,,,,,,,
1607465565449_215754,"Perinneyhteisöstä kansalaisyhteiskuntaan","Perinneyhteisöstä kansalaisyhteiskuntaan",https://res.cloudinary.com/dolyfnals/images/v1607465578/nnk633/nnk633.jpg,https://dev1.kirjapino.fi/product/perinneyhteisosta-kansalaisyhteiskuntaan/,"Suomen historia","kirjapino.fi",13EUR,in stock,1607465565449_215754,,,1970-01-29T00:00+00:00/1970-01-30T23:59+00:00,13EUR,new,published,,,,,,,
1607465543074_215752,"Punainen valhe eli kujanjuoksu mallia SKP","Punainen valhe eli kujanjuoksu mallia SKP",https://res.cloudinary.com/dolyfnals/images/v1607465564/nnk601/nnk601.jpg,https://dev1.kirjapino.fi/product/punainen-valhe-eli-kujanjuoksu-mallia-skp/,"Suomen historia","kirjapino.fi",12EUR,in stock,1607465543074_215752,,,1970-01-29T00:00+00:00/1970-01-30T23:59+00:00,12EUR,new,published,,,,,,,
1607465524799_215750,"Kumpujen yöstä Suomalaisten vaiheita,tekoja ja oloja kivikaudesta nykyaikaan","Taiteilijan ja hänen teoksensa esittelyn kirjoittanut Päiviö Tommola",https://res.cloudinary.com/dolyfnals/images/v1607465547/1193_swu689_20164162030/1193_swu689_20164162030.jpg,https://dev1.kirjapino.fi/product/kumpujen-yosta-suomalaisten-vaiheitatekoja-ja-oloja-kivikaudesta-nykyaikaan/,"Suomen historia","kirjapino.fi",17EUR,in stock,1607465524799_215750,,,1970-01-29T00:00+00:00/1970-01-30T23:59+00:00,17EUR,new,published,,,,,,,
1607465506625_215748,"Suomalaisuuden juhlakirja","Suomalaisuuden juhlakirja",https://res.cloudinary.com/dolyfnals/images/v1607465522/nnk539/nnk539.jpg,https://dev1.kirjapino.fi/product/suomalaisuuden-juhlakirja/,"Suomen historia","kirjapino.fi",11EUR,in stock,1607465506625_215748,,,1970-01-29T00:00+00:00/1970-01-30T23:59+00:00,11EUR,new,published,,,,,,,
1607465482621_215746,"Sodan ja rauhan mies Urho Kekkosen sotavuodet 1939-1944","Sodan ja rauhan mies Urho Kekkosen sotavuodet 1939-1944",https://res.cloudinary.com/dolyfnals/images/v1607465511/nnk463/nnk463.jpg,https://dev1.kirjapino.fi/product/sodan-ja-rauhan-mies-urho-kekkosen-sotavuodet-1939-1944/,"Suomen historia","kirjapino.fi",13EUR,in stock,1607465482621_215746,,,1970-01-29T00:00+00:00/1970-01-30T23:59+00:00,13EUR,new,published,,,,,,,
1607465465097_215744,"Nuijasota Sisällissodan vuodet 1596-1599","Nuijasota Sisällissodan vuodet 1596-1599",https://res.cloudinary.com/dolyfnals/images/v1607465484/nnk464/nnk464.jpg,https://dev1.kirjapino.fi/product/nuijasota-sisallissodan-vuodet-1596-1599-2/,"Suomen historia","kirjapino.fi",13EUR,in stock,1607465465097_215744,,,1970-01-29T00:00+00:00/1970-01-30T23:59+00:00,13EUR,new,published,,,,,,,
1607465444435_215742,"Suomen Venäjän-kauppa autonomian ajan alkupuoliskolla vv. 1809-65","Suomen Venäjän-kauppa autonomian ajan alkupuoliskolla vv. 1809-65",https://res.cloudinary.com/dolyfnals/images/v1607465458/nnk451/nnk451.jpg,https://dev1.kirjapino.fi/product/suomen-venajan-kauppa-autonomian-ajan-alkupuoliskolla-vv-1809-65-2/,"Suomen historia","kirjapino.fi",19EUR,in stock,1607465444435_215742,,,1970-01-29T00:00+00:00/1970-01-30T23:59+00:00,19EUR,new,published,,,,,,,
1607465420143_215740,"Suomen tiiliteollisuuden historia I-II","Suomen tiiliteollisuuden historia I-II",https://res.cloudinary.com/dolyfnals/images/v1607465452/nnk434/nnk434.jpg,https://dev1.kirjapino.fi/product/suomen-tiiliteollisuuden-historia-i-ii-2/,"Suomen historia","kirjapino.fi",30EUR,in stock,1607465420143_215740,,,1970-01-29T00:00+00:00/1970-01-30T23:59+00:00,30EUR,new,published,,,,,,,
1607465398630_215738,"Siniristilippumme","Siniristilippumme",https://res.cloudinary.com/dolyfnals/images/v1607465428/nnk293/nnk293.jpg,https://dev1.kirjapino.fi/product/siniristilippumme-2/,"Suomen historia","kirjapino.fi",17EUR,in stock,1607465398630_215738,,,1970-01-29T00:00+00:00/1970-01-30T23:59+00:00,17EUR,new,published,,,,,,,
1607465372332_215736,"Pontikka Viisi vuosisataa suomalaista paloviinapolitiikkaa","Pontikka Viisi vuosisataa suomalaista paloviinapolitiikkaa",https://res.cloudinary.com/dolyfnals/images/v1607465399/nnk292/nnk292.jpg,https://dev1.kirjapino.fi/product/pontikka-viisi-vuosisataa-suomalaista-paloviinapolitiikkaa/,"Suomen historia","kirjapino.fi",20EUR,in stock,1607465372332_215736,,,1970-01-29T00:00+00:00/1970-01-30T23:59+00:00,20EUR,new,published,,,,,,,
1607465354706_215734,"Suuri rantatie - Stora strandvägen","Suuri rantatie - Stora strandvägen",https://res.cloudinary.com/dolyfnals/images/v1607465375/nnk286/nnk286.jpg,https://dev1.kirjapino.fi/product/suuri-rantatie-stora-strandvagen/,"Suomen historia","kirjapino.fi",17EUR,in stock,1607465354706_215734,,,1970-01-29T00:00+00:00/1970-01-30T23:59+00:00,17EUR,new,published,,,,,,,
1607465331848_215732,"Koulun kello soi opettajat muistelevat","Koulun kello soi opettajat muistelevat",https://res.cloudinary.com/dolyfnals/images/v1607465348/nnk277/nnk277.jpg,https://dev1.kirjapino.fi/product/koulun-kello-soi-opettajat-muistelevat/,"Suomen historia","kirjapino.fi",13EUR,in stock,1607465331848_215732,,,1970-01-29T00:00+00:00/1970-01-30T23:59+00:00,13EUR,new,published,,,,,,,
1607465318380_215730,"Kohti talvisotaa","Kohti talvisotaa",https://res.cloudinary.com/dolyfnals/images/v1607465336/nnk230/nnk230.jpg,https://dev1.kirjapino.fi/product/kohti-talvisotaa/,"Suomen historia","kirjapino.fi",13EUR,in stock,1607465318380_215730,,,1970-01-29T00:00+00:00/1970-01-30T23:59+00:00,13EUR,new,published,,,,,,,
1607465306051_215728,"Tapahtui Inkerissä","Tapahtui Inkerissä",https://res.cloudinary.com/dolyfnals/images/v1607465336/nnj775/nnj775.jpg,https://dev1.kirjapino.fi/product/tapahtui-inkerissa/,"Suomen historia","kirjapino.fi",13EUR,in stock,1607465306051_215728,,,1970-01-29T00:00+00:00/1970-01-30T23:59+00:00,13EUR,new,published,,,,,,,
1607465294602_215726,"Sata kunnian päivää Kolme puhetta 1939-1940","Sata kunnian päivää Kolme puhetta 1939-1940",https://res.cloudinary.com/dolyfnals/images/v1607465318/nnj768/nnj768.jpg,https://dev1.kirjapino.fi/product/sata-kunnian-paivaa-kolme-puhetta-1939-1940-2/,"Suomen historia","kirjapino.fi",11EUR,in stock,1607465294602_215726,,,1970-01-29T00:00+00:00/1970-01-30T23:59+00:00,11EUR,new,published,,,,,,,
1607465280638_215724,"Kirjeitä myllystäni 1-2 1956-75","Kirjeitä myllystäni 1-2 1956-75",https://res.cloudinary.com/dolyfnals/images/v1607465305/nnj656/nnj656.jpg,https://dev1.kirjapino.fi/product/kirjeita-myllystani-1-2-1956-75/,"Suomen historia","kirjapino.fi",13EUR,in stock,1607465280638_215724,,,1970-01-29T00:00+00:00/1970-01-30T23:59+00:00,13EUR,new,published,,,,,,,
1607465267224_215722,"Novosibirskin lavastus Noottikriisi 1961","Novosibirskin lavastus Noottikriisi 1961",https://res.cloudinary.com/dolyfnals/images/v1607465279/nnj640/nnj640.jpg,https://dev1.kirjapino.fi/product/novosibirskin-lavastus-noottikriisi-1961/,"Suomen historia","kirjapino.fi",13EUR,in stock,1607465267224_215722,,,1970-01-29T00:00+00:00/1970-01-30T23:59+00:00,13EUR,new,published,,,,,,,
1607465253929_215720,"Suomen hallintopitäjät vuoteen 1809","Suomen hallintopitäjät vuoteen 1809",https://res.cloudinary.com/dolyfnals/images/v1607465272/nnj636/nnj636.jpg,https://dev1.kirjapino.fi/product/suomen-hallintopitajat-vuoteen-1809/,"Suomen historia","kirjapino.fi",10EUR,in stock,1607465253929_215720,,,1970-01-29T00:00+00:00/1970-01-30T23:59+00:00,10EUR,new,published,,,,,,,
1607465238183_215718,"Kirveskansan elämää Ihmiskohtaloita Kuhmon erämaissa 1800-luvun alussa","Kirveskansan elämää Ihmiskohtaloita Kuhmon erämaissa 1800-luvun alussa",https://res.cloudinary.com/dolyfnals/images/v1607465265/nnj617/nnj617.jpg,https://dev1.kirjapino.fi/product/kirveskansan-elamaa-ihmiskohtaloita-kuhmon-eramaissa-1800-luvun-alussa/,"Suomen historia","kirjapino.fi",15EUR,in stock,1607465238183_215718,,,1970-01-29T00:00+00:00/1970-01-30T23:59+00:00,15EUR,new,published,,,,,,,
1607465226530_215714,"Suomen historia radiossa III Venäjän vallan loppukausi ja itsenäistyminen Historian aitta IV","Aukileikkaamaton.",https://res.cloudinary.com/dolyfnals/images/v1607465249/nnj611/nnj611.jpg,https://dev1.kirjapino.fi/product/suomen-historia-radiossa-iii-venajan-vallan-loppukausi-ja-itsenaistyminen-historian-aitta-iv/,"Suomen historia","kirjapino.fi",13EUR,in stock,1607465226530_215714,,,1970-01-29T00:00+00:00/1970-01-30T23:59+00:00,13EUR,new,published,,,,,,,
1607465212953_215712,"Mihin menet Suomen kansa?","Mihin menet Suomen kansa?",https://res.cloudinary.com/dolyfnals/images/v1607465227/nnj577/nnj577.jpg,https://dev1.kirjapino.fi/product/mihin-menet-suomen-kansa-2/,"Suomen historia","kirjapino.fi",12EUR,in stock,1607465212953_215712,,,1970-01-29T00:00+00:00/1970-01-30T23:59+00:00,12EUR,new,published,,,,,,,
1607465198767_215710,"Suomen historia jääkaudesta Euroopan unioniin","Suomen historia jääkaudesta Euroopan unioniin",https://res.cloudinary.com/dolyfnals/images/v1607465213/nnj552/nnj552.jpg,https://dev1.kirjapino.fi/product/suomen-historia-jaakaudesta-euroopan-unioniin/,"Suomen historia","kirjapino.fi",13EUR,in stock,1607465198767_215710,,,1970-01-29T00:00+00:00/1970-01-30T23:59+00:00,13EUR,new,published,,,,,,,
1607465179562_215708,"Suomen itsenäistyminen ja Saksa","Suomen itsenäistyminen ja Saksa",https://res.cloudinary.com/dolyfnals/images/v1607465215/swe912_472994/swe912_472994.jpg,https://dev1.kirjapino.fi/product/suomen-itsenaistyminen-ja-saksa-3/,"Suomen historia","kirjapino.fi",12EUR,in stock,1607465179562_215708,,,1970-01-29T00:00+00:00/1970-01-30T23:59+00:00,12EUR,new,published,,,,,,,
1607465159896_215706,"F.E. Sillanpään Nobelin-palkinnon saanti ja Ruotsin-matka vv. 1939-40","Kakkossivulla aiemman omistajan nimi.",https://res.cloudinary.com/dolyfnals/images/v1607465191/nnj421/nnj421.jpg,https://dev1.kirjapino.fi/product/f-e-sillanpaan-nobelin-palkinnon-saanti-ja-ruotsin-matka-vv-1939-40-2/,"Suomen historia","kirjapino.fi",13EUR,in stock,1607465159896_215706,,,1970-01-29T00:00+00:00/1970-01-30T23:59+00:00,13EUR,new,published,,,,,,,
1607465145087_215704,"Suomen suvun tiet. Numeroitu laitos 537/999","Suomen suvun tiet. Numeroitu laitos 537/999",https://res.cloudinary.com/dolyfnals/images/v1607465170/1193_swu780_201641818188/1193_swu780_201641818188.jpg,https://dev1.kirjapino.fi/product/suomen-suvun-tiet-numeroitu-laitos-537-999/,"Suomen historia","kirjapino.fi",30EUR,in stock,1607465145087_215704,,,1970-01-29T00:00+00:00/1970-01-30T23:59+00:00,30EUR,new,published,,,,,,,
1607465129652_215702,"Miekkailija vastaan tulivuori Urho Kekkonen ja Nikita Hrustsev 1955-1964","Miekkailija vastaan tulivuori Urho Kekkonen ja Nikita Hrustsev 1955-1964",https://res.cloudinary.com/dolyfnals/images/v1607465159/nnj348/nnj348.jpg,https://dev1.kirjapino.fi/product/miekkailija-vastaan-tulivuori-urho-kekkonen-ja-nikita-hrustsev-1955-1964/,"Suomen historia","kirjapino.fi",12EUR,in stock,1607465129652_215702,,,1970-01-29T00:00+00:00/1970-01-30T23:59+00:00,12EUR,new,published,,,,,,,
1607465116052_215700,"Suomen kivikauden pääpiirteet","Suomen kivikauden pääpiirteet",https://res.cloudinary.com/dolyfnals/images/v1607465163/nnj338/nnj338.jpg,https://dev1.kirjapino.fi/product/suomen-kivikauden-paapiirteet-2/,"Suomen historia","kirjapino.fi",12EUR,in stock,1607465116052_215700,,,1970-01-29T00:00+00:00/1970-01-30T23:59+00:00,12EUR,new,published,,,,,,,
1607465103765_215698,"Suomen tie rauhaan 1943-44","Suomen tie rauhaan 1943-44",https://res.cloudinary.com/dolyfnals/images/v1607465131/nnj302/nnj302.jpg,https://dev1.kirjapino.fi/product/suomen-tie-rauhaan-1943-44/,"Suomen historia","kirjapino.fi",12EUR,in stock,1607465103765_215698,,,1970-01-29T00:00+00:00/1970-01-30T23:59+00:00,12EUR,new,published,,,,,,,
1607465088427_215696,"Kaupantekoa Suomen itsenäisyydellä Saksan sodanpäämäärät Suomessa 1917-1918.","Kaupantekoa Suomen itsenäisyydellä Saksan sodanpäämäärät Suomessa 1917-1918.",https://res.cloudinary.com/dolyfnals/images/v1607465102/nnj301/nnj301.jpg,https://dev1.kirjapino.fi/product/kaupantekoa-suomen-itsenaisyydella-saksan-sodanpaamaarat-suomessa-1917-1918-2/,"Suomen historia","kirjapino.fi",13EUR,in stock,1607465088427_215696,,,1970-01-29T00:00+00:00/1970-01-30T23:59+00:00,13EUR,new,published,,,,,,,
1607465074794_215694,"Vaikea aika Suomen pääministerinä sotavuosina 1943-44","Vaikea aika Suomen pääministerinä sotavuosina 1943-44",https://res.cloudinary.com/dolyfnals/images/v1607465094/Linkomies_Vaikea_aika/Linkomies_Vaikea_aika.jpg,https://dev1.kirjapino.fi/product/vaikea-aika-suomen-paaministerina-sotavuosina-1943-44/,"Suomen historia","kirjapino.fi",11EUR,in stock,1607465074794_215694,,,1970-01-29T00:00+00:00/1970-01-30T23:59+00:00,11EUR,new,published,,,,,,,
1607465058069_215692,"Nuijasota","Nuijasota",https://res.cloudinary.com/dolyfnals/images/v1607465084/antkvaari611_215691230ac/antkvaari611_215691230ac.jpg,https://dev1.kirjapino.fi/product/nuijasota-2/,"Suomen historia","kirjapino.fi",12EUR,in stock,1607465058069_215692,,,1970-01-29T00:00+00:00/1970-01-30T23:59+00:00,12EUR,new,published,,,,,,,
1607465041527_215690,"Kaksi Suomea","Kaksi Suomea",https://res.cloudinary.com/dolyfnals/images/v1607465070/nnj132/nnj132.jpg,https://dev1.kirjapino.fi/product/kaksi-suomea-2/,"Suomen historia","kirjapino.fi",11EUR,in stock,1607465041527_215690,,,1970-01-29T00:00+00:00/1970-01-30T23:59+00:00,11EUR,new,published,,,,,,,
1607465027352_215688,"Sotaansyyllisemme Säätytalossa","Sotaansyyllisemme Säätytalossa",https://res.cloudinary.com/dolyfnals/images/v1607465046/nnj244/nnj244.jpg,https://dev1.kirjapino.fi/product/sotaansyyllisemme-saatytalossa-3/,"Suomen historia","kirjapino.fi",12EUR,in stock,1607465027352_215688,,,1970-01-29T00:00+00:00/1970-01-30T23:59+00:00,12EUR,new,published,,,,,,,
1607465015272_215686,"Suomen tie sotaan 1940-41","Suomen tie sotaan 1940-41",https://res.cloudinary.com/dolyfnals/images/v1607465037/nnj260/nnj260.jpg,https://dev1.kirjapino.fi/product/suomen-tie-sotaan-1940-41-2/,"Suomen historia","kirjapino.fi",11EUR,in stock,1607465015272_215686,,,1970-01-29T00:00+00:00/1970-01-30T23:59+00:00,11EUR,new,published,,,,,,,
1607465000670_215684,"Testamentti kansalleni","Testamentti kansalleni",https://res.cloudinary.com/dolyfnals/images/v1607465018/nnj270/nnj270.jpg,https://dev1.kirjapino.fi/product/testamentti-kansalleni/,"Suomen historia","kirjapino.fi",11EUR,in stock,1607465000670_215684,,,1970-01-29T00:00+00:00/1970-01-30T23:59+00:00,11EUR,new,published,,,,,,,
1607464990518_215682,"Suomalainen kansakoulu Itä-Karjalassa 1941-1944 Itä-Karjalan sotilashallinnon kansakoululaitos","Suomalainen kansakoulu Itä-Karjalassa 1941-1944 Itä-Karjalan sotilashallinnon kansakoululaitos",https://res.cloudinary.com/dolyfnals/images/v1607465007/nnj284/nnj284.jpg,https://dev1.kirjapino.fi/product/suomalainen-kansakoulu-ita-karjalassa-1941-1944-ita-karjalan-sotilashallinnon-kansakoululaitos/,"Suomen historia","kirjapino.fi",20EUR,in stock,1607464990518_215682,,,1970-01-29T00:00+00:00/1970-01-30T23:59+00:00,20EUR,new,published,,,,,,,
1607464978656_215680,"Kahdeksan tuomittua miestä Sotasyyllisten vankilavuodet","Etukannen sisäpuolella aiemman omistajan nimi.",https://res.cloudinary.com/dolyfnals/images/v1607465008/nnj286/nnj286.jpg,https://dev1.kirjapino.fi/product/kahdeksan-tuomittua-miesta-sotasyyllisten-vankilavuodet-2/,"Suomen historia","kirjapino.fi",13EUR,in stock,1607464978656_215680,,,1970-01-29T00:00+00:00/1970-01-30T23:59+00:00,13EUR,new,published,,,,,,,
1607464966074_215678,"Ilkkaisten sota","Ilkkaisten sota",https://res.cloudinary.com/dolyfnals/images/v1607464977/nnj264/nnj264.jpg,https://dev1.kirjapino.fi/product/ilkkaisten-sota/,"Suomen historia","kirjapino.fi",17EUR,in stock,1607464966074_215678,,,1970-01-29T00:00+00:00/1970-01-30T23:59+00:00,17EUR,new,published,,,,,,,
1607464954497_215676,"Suomi miehittäjänä 1941-1944","Suomi miehittäjänä 1941-1944",https://res.cloudinary.com/dolyfnals/images/v1607464970/nnj251/nnj251.jpg,https://dev1.kirjapino.fi/product/suomi-miehittajana-1941-1944-2/,"Suomen historia","kirjapino.fi",11EUR,in stock,1607464954497_215676,,,1970-01-29T00:00+00:00/1970-01-30T23:59+00:00,11EUR,new,published,,,,,,,
1607464934402_215674,"Frihetens väg - Sånger, sägner och syner från Finlands frihetskrig","Avaamaton kappale. Tekijän omiste.",https://res.cloudinary.com/dolyfnals/images/v1607464955/1193_swt835_2016327195634/1193_swt835_2016327195634.jpg,https://dev1.kirjapino.fi/product/frihetens-vag-sanger-sagner-och-syner-fran-finlands-frihetskrig/,"Suomen historia","kirjapino.fi",15EUR,in stock,1607464934402_215674,,,1970-01-29T00:00+00:00/1970-01-30T23:59+00:00,15EUR,new,published,,,,,,,
1607464914812_215672,"Historiallinen aikakauskirja 3/1932","Historiallinen aikakauskirja 3/1932",https://res.cloudinary.com/dolyfnals/images/v1607464950/1193_swu327_20164418158/1193_swu327_20164418158.jpg,https://dev1.kirjapino.fi/product/historiallinen-aikakauskirja-3-1932/,"Suomen historia","kirjapino.fi",10EUR,in stock,1607464914812_215672,,,1970-01-29T00:00+00:00/1970-01-30T23:59+00:00,10EUR,new,published,,,,,,,
1607464899283_215670,"Historiallinen aikakauskirja 2/1931","Historiallinen aikakauskirja 2/1931",https://res.cloudinary.com/dolyfnals/images/v1607464914/1193_swu328_20164418226/1193_swu328_20164418226.jpg,https://dev1.kirjapino.fi/product/historiallinen-aikakauskirja-2-1931/,"Suomen historia","kirjapino.fi",10EUR,in stock,1607464899283_215670,,,1970-01-29T00:00+00:00/1970-01-30T23:59+00:00,10EUR,new,published,,,,,,,
1607464876065_215668,"Historiallinen aikakauskirja 1909 N:o 1","Historiallinen aikakauskirja 1909 N:o 1",https://res.cloudinary.com/dolyfnals/images/v1607464895/1193_swu326_2016441819/1193_swu326_2016441819.jpg,https://dev1.kirjapino.fi/product/historiallinen-aikakauskirja-1909-no-1/,"Suomen historia","kirjapino.fi",12EUR,in stock,1607464876065_215668,,,1970-01-29T00:00+00:00/1970-01-30T23:59+00:00,12EUR,new,published,,,,,,,
1607464849177_215666,"Historiallinen aikakauskirja 1909 N:o 5-6 Juhlajulkaisu Erns Gustaf Palmenin täyttäessä 60 vuotta","Historiallinen aikakauskirja 1909 N:o 5-6 Juhlajulkaisu Erns Gustaf Palmenin täyttäessä 60 vuotta",https://res.cloudinary.com/dolyfnals/images/v1607464860/1193_swu338_201644174328/1193_swu338_201644174328.jpg,https://dev1.kirjapino.fi/product/historiallinen-aikakauskirja-1909-no-5-6-juhlajulkaisu-erns-gustaf-palmenin-tayttaessa-60-vuotta/,"Suomen historia","kirjapino.fi",13EUR,in stock,1607464849177_215666,,,1970-01-29T00:00+00:00/1970-01-30T23:59+00:00,13EUR,new,published,,,,,,,
1607464832764_215664,"Kyläkirjasto Lukemista Suomen kansalaisille erinäisistä aineista  NÄYTENUMERO","Kyläkirjasto Lukemista Suomen kansalaisille erinäisistä aineista  NÄYTENUMERO",https://res.cloudinary.com/dolyfnals/images/v1607464849/1193_swu141_201643154327/1193_swu141_201643154327.jpg,https://dev1.kirjapino.fi/product/kylakirjasto-lukemista-suomen-kansalaisille-erinaisista-aineista-naytenumero/,"Suomen historia","kirjapino.fi",10EUR,in stock,1607464832764_215664,,,1970-01-29T00:00+00:00/1970-01-30T23:59+00:00,10EUR,new,published,,,,,,,
1607464814785_215662,"Hugget i ryggen Från revolutionen till storstrejken Blodsstejken och dess offer Falska profeter","Etukannen alareunassa aiemman omistajan nimi.",https://res.cloudinary.com/dolyfnals/images/v1607464828/1193_swu179_20164316019/1193_swu179_20164316019.jpg,https://dev1.kirjapino.fi/product/hugget-i-ryggen-fran-revolutionen-till-storstrejken-blodsstejken-och-dess-offer-falska-profeter/,"Suomen historia","kirjapino.fi",15EUR,in stock,1607464814785_215662,,,1970-01-29T00:00+00:00/1970-01-30T23:59+00:00,15EUR,new,published,,,,,,,
1607464800558_215660,"A Brief History of the Early Finns of The West","Selkämyksessä merkintä 'Finns of the West 1800-1925'.",https://res.cloudinary.com/dolyfnals/images/v1607464828/1193_swu185_20164316422/1193_swu185_20164316422.jpg,https://dev1.kirjapino.fi/product/a-brief-history-of-the-early-finns-of-the-west/,"Suomen historia","kirjapino.fi",15EUR,in stock,1607464800558_215660,,,1970-01-29T00:00+00:00/1970-01-30T23:59+00:00,15EUR,new,published,,,,,,,
1607464782686_215658,"Palvelijapolitiikasta Suomessa 18. vuosisadalla. Väitöskirja","Palvelijapolitiikasta Suomessa 18. vuosisadalla. Väitöskirja",https://res.cloudinary.com/dolyfnals/images/v1607464797/1193_swu887_2016419144256/1193_swu887_2016419144256.jpg,https://dev1.kirjapino.fi/product/palvelijapolitiikasta-suomessa-18-vuosisadalla-vaitoskirja/,"Suomen historia","kirjapino.fi",25EUR,in stock,1607464782686_215658,,,1970-01-29T00:00+00:00/1970-01-30T23:59+00:00,25EUR,new,published,,,,,,,
1607464763488_215656,"Torpparikysymys vuoden 1900 valtiopäivillä","Torpparikysymys vuoden 1900 valtiopäivillä",https://res.cloudinary.com/dolyfnals/images/v1607464779/1193_swu554_2016416133634/1193_swu554_2016416133634.jpg,https://dev1.kirjapino.fi/product/torpparikysymys-vuoden-1900-valtiopaivilla/,"Suomen historia","kirjapino.fi",13EUR,in stock,1607464763488_215656,,,1970-01-29T00:00+00:00/1970-01-30T23:59+00:00,13EUR,new,published,,,,,,,
1607464748054_215654,"Seitsemän päivää keskusasemalla","Kannet huonot.",https://res.cloudinary.com/dolyfnals/images/v1607464766/1193_swu546_2016416133118/1193_swu546_2016416133118.jpg,https://dev1.kirjapino.fi/product/seitseman-paivaa-keskusasemalla-2/,"Suomen historia","kirjapino.fi",15EUR,in stock,1607464748054_215654,,,1970-01-29T00:00+00:00/1970-01-30T23:59+00:00,15EUR,new,published,,,,,,,
1607464728617_215652,"Varför kämpar Finland?","Kansilehti kulunut, muilta osin virheetön.",https://res.cloudinary.com/dolyfnals/images/v1607464744/1193_swu427_20164915652/1193_swu427_20164915652.jpg,https://dev1.kirjapino.fi/product/varfor-kampar-finland/,"Suomen historia","kirjapino.fi",10EUR,in stock,1607464728617_215652,,,1970-01-29T00:00+00:00/1970-01-30T23:59+00:00,10EUR,new,published,,,,,,,
1607464707281_215650,"Lääkäri, lukkari, talonpoika, duunari Lukuja suomalaisten historiaan","Ensimmäisen sivun yläreunassa aiemman omistajan nimi.",https://res.cloudinary.com/dolyfnals/images/v1607464731/nnj232/nnj232.jpg,https://dev1.kirjapino.fi/product/laakari-lukkari-talonpoika-duunari-lukuja-suomalaisten-historiaan-2/,"Suomen historia","kirjapino.fi",12EUR,out of stock,1607464707281_215650,,,1970-01-29T00:00+00:00/1970-01-30T23:59+00:00,12EUR,new,staging,,,,,,,
1607464690544_215648,"Yhteisymmärrykseen Kalevalan opetuksia  Herää Suomi II","Yhteisymmärrykseen Kalevalan opetuksia  Herää Suomi II",https://res.cloudinary.com/dolyfnals/images/v1607464708/nnj230/nnj230.jpg,https://dev1.kirjapino.fi/product/yhteisymmarrykseen-kalevalan-opetuksia-heraa-suomi-ii/,"Suomen historia","kirjapino.fi",13EUR,in stock,1607464690544_215648,,,1970-01-29T00:00+00:00/1970-01-30T23:59+00:00,13EUR,new,published,,,,,,,
1607464672541_215646,"Suomen sinivalkoiset värit Kansallisten ja muidenkin symbolien vaiheista ja merkityksestä","Suomen sinivalkoiset värit Kansallisten ja muidenkin symbolien vaiheista ja merkityksestä",https://res.cloudinary.com/dolyfnals/images/v1607464684/nnj220/nnj220.jpg,https://dev1.kirjapino.fi/product/suomen-sinivalkoiset-varit-kansallisten-ja-muidenkin-symbolien-vaiheista-ja-merkityksesta/,"Suomen historia","kirjapino.fi",13EUR,in stock,1607464672541_215646,,,1970-01-29T00:00+00:00/1970-01-30T23:59+00:00,13EUR,new,published,,,,,,,
1607464657318_215644,"Suurta olla pieni kansa Itsenäinen Suomi 1920-1940","Suurta olla pieni kansa Itsenäinen Suomi 1920-1940",https://res.cloudinary.com/dolyfnals/images/v1607464671/nnj210/nnj210.jpg,https://dev1.kirjapino.fi/product/suurta-olla-pieni-kansa-itsenainen-suomi-1920-1940-2/,"Suomen historia","kirjapino.fi",13EUR,in stock,1607464657318_215644,,,1970-01-29T00:00+00:00/1970-01-30T23:59+00:00,13EUR,new,published,,,,,,,
1607464640146_215642,"Karheita kertomuksia Itseoppineiden omaelämäkertoja 1800-luvun Suomesta","Karheita kertomuksia Itseoppineiden omaelämäkertoja 1800-luvun Suomesta",https://res.cloudinary.com/dolyfnals/images/v1607464672/nnj208/nnj208.jpg,https://dev1.kirjapino.fi/product/karheita-kertomuksia-itseoppineiden-omaelamakertoja-1800-luvun-suomesta-3/,"Suomen historia","kirjapino.fi",13EUR,in stock,1607464640146_215642,,,1970-01-29T00:00+00:00/1970-01-30T23:59+00:00,13EUR,new,published,,,,,,,
1607464625226_215640,"Maassa taivaan saranat Suomalaisten historia vuoteen 1814","Maassa taivaan saranat Suomalaisten historia vuoteen 1814",https://res.cloudinary.com/dolyfnals/images/v1607464644/nnj207/nnj207.jpg,https://dev1.kirjapino.fi/product/maassa-taivaan-saranat-suomalaisten-historia-vuoteen-1814-3/,"Suomen historia","kirjapino.fi",15EUR,in stock,1607464625226_215640,,,1970-01-29T00:00+00:00/1970-01-30T23:59+00:00,15EUR,new,published,,,,,,,
1607464603649_215638,"Kivestä ja puusta Suomen linnoja, kartanoita ja kirkkoja","Kivestä ja puusta Suomen linnoja, kartanoita ja kirkkoja",https://res.cloudinary.com/dolyfnals/images/v1607464620/salovaara768/salovaara768.jpg,https://dev1.kirjapino.fi/product/kivesta-ja-puusta-suomen-linnoja-kartanoita-ja-kirkkoja-2/,"Suomen historia","kirjapino.fi",13EUR,in stock,1607464603649_215638,,,1970-01-29T00:00+00:00/1970-01-30T23:59+00:00,13EUR,new,published,,,,,,,
1607464586132_215636,"Vihan ja rakkauden liekit. Kohtalona 1930-luvun Suomi.Kommunistien traagisia kohtaloita kahtia jakautuneessa Suomessa.","Vihan ja rakkauden liekit. Kohtalona 1930-luvun Suomi.Kommunistien traagisia kohtaloita kahtia jakautuneessa Suomessa.",https://res.cloudinary.com/dolyfnals/images/v1607464613/1193_swu905_2016419145424/1193_swu905_2016419145424.jpg,https://dev1.kirjapino.fi/product/vihan-ja-rakkauden-liekit-kohtalona-1930-luvun-suomi-kommunistien-traagisia-kohtaloita-kahtia-jakautuneessa-suomessa/,"Suomen historia","kirjapino.fi",12EUR,in stock,1607464586132_215636,,,1970-01-29T00:00+00:00/1970-01-30T23:59+00:00,12EUR,new,published,,,,,,,
1607464564876_215634,"Koulun kansainväliset kasvot","Koulun kansainväliset kasvot",https://res.cloudinary.com/dolyfnals/images/v1607464586/1193_swu876_201641914374/1193_swu876_201641914374.jpg,https://dev1.kirjapino.fi/product/koulun-kansainvaliset-kasvot/,"Suomen historia","kirjapino.fi",13EUR,in stock,1607464564876_215634,,,1970-01-29T00:00+00:00/1970-01-30T23:59+00:00,13EUR,new,published,,,,,,,
1607464542767_215632,"Kansakunnan historia 1 Kivikaudesta kustavilaiseen aikaan","Kansakunnan historia 1 Kivikaudesta kustavilaiseen aikaan",https://res.cloudinary.com/dolyfnals/images/v1607464561/1193_swu785_2016418181435/1193_swu785_2016418181435.jpg,https://dev1.kirjapino.fi/product/kansakunnan-historia-1-kivikaudesta-kustavilaiseen-aikaan/,"Suomen historia","kirjapino.fi",25EUR,in stock,1607464542767_215632,,,1970-01-29T00:00+00:00/1970-01-30T23:59+00:00,25EUR,new,published,,,,,,,
1607464520777_215630,"Kaupunkien Yleinen Paloapuyhdistys 1832-1932","Kaupunkien Yleinen Paloapuyhdistys 1832-1932",https://res.cloudinary.com/dolyfnals/images/v1607464555/1193_swu748_2016418175322/1193_swu748_2016418175322.jpg,https://dev1.kirjapino.fi/product/kaupunkien-yleinen-paloapuyhdistys-1832-1932/,"Suomen historia","kirjapino.fi",25EUR,in stock,1607464520777_215630,,,1970-01-29T00:00+00:00/1970-01-30T23:59+00:00,25EUR,new,published,,,,,,,
1607464497402_215628,"Kamera kiertää Amerikan suomalaisten parissa - Camera Tour Among the Finns in America","Kamera kiertää Amerikan suomalaisten parissa - Camera Tour Among the Finns in America",https://res.cloudinary.com/dolyfnals/images/v1607464523/1193_swu767_201641817491/1193_swu767_201641817491.jpg,https://dev1.kirjapino.fi/product/kamera-kiertaa-amerikan-suomalaisten-parissa-camera-tour-among-the-finns-in-america/,"Suomen historia","kirjapino.fi",15EUR,in stock,1607464497402_215628,,,1970-01-29T00:00+00:00/1970-01-30T23:59+00:00,15EUR,new,published,,,,,,,
1607464467940_215626,"Rakastava sydän Kirja Suomen naisesta","Rakastava sydän Kirja Suomen naisesta",https://res.cloudinary.com/dolyfnals/images/v1607464493/1193_swu687_201641620044/1193_swu687_201641620044.jpg,https://dev1.kirjapino.fi/product/rakastava-sydan-kirja-suomen-naisesta/,"Suomen historia","kirjapino.fi",11EUR,in stock,1607464467940_215626,,,1970-01-29T00:00+00:00/1970-01-30T23:59+00:00,11EUR,new,published,,,,,,,
1607464448247_215624,"Suomen historia Suomen myöhäiskeskiaika II","Suomen historia Suomen myöhäiskeskiaika II",https://res.cloudinary.com/dolyfnals/images/v1607464472/1193_swu678_2016416193227/1193_swu678_2016416193227.jpg,https://dev1.kirjapino.fi/product/suomen-historia-suomen-myohaiskeskiaika-ii/,"Suomen historia","kirjapino.fi",17EUR,in stock,1607464448247_215624,,,1970-01-29T00:00+00:00/1970-01-30T23:59+00:00,17EUR,new,published,,,,,,,
1607464428695_215622,"Suomalainen tiedeakatemia 1908 - 1958","Suomalainen tiedeakatemia 1908 - 1958",https://res.cloudinary.com/dolyfnals/images/v1607464445/1193_swu670_2016416192327/1193_swu670_2016416192327.jpg,https://dev1.kirjapino.fi/product/suomalainen-tiedeakatemia-1908-1958/,"Suomen historia","kirjapino.fi",15EUR,in stock,1607464428695_215622,,,1970-01-29T00:00+00:00/1970-01-30T23:59+00:00,15EUR,new,published,,,,,,,
1607464404018_215620,"Suomen talonpoikaissäädyn historia I - II","Suomen talonpoikaissäädyn historia I - II",https://res.cloudinary.com/dolyfnals/images/v1607464430/1193_swu648_201641619613/1193_swu648_201641619613.jpg,https://dev1.kirjapino.fi/product/suomen-talonpoikaissaadyn-historia-i-ii/,"Suomen historia","kirjapino.fi",35EUR,in stock,1607464404018_215620,,,1970-01-29T00:00+00:00/1970-01-30T23:59+00:00,35EUR,new,published,,,,,,,
1607464382898_215618,"Kansallishenkeen uskoen Hämäläis-osakunnan historia 2 1918-1970","Kansallishenkeen uskoen Hämäläis-osakunnan historia 2 1918-1970",https://res.cloudinary.com/dolyfnals/images/v1607464402/1193_swu635_201641618555/1193_swu635_201641618555.jpg,https://dev1.kirjapino.fi/product/kansallishenkeen-uskoen-hamalais-osakunnan-historia-2-1918-1970/,"Suomen historia","kirjapino.fi",15EUR,in stock,1607464382898_215618,,,1970-01-29T00:00+00:00/1970-01-30T23:59+00:00,15EUR,new,published,,,,,,,
1607464363782_215616,"Kansallishenkeen uskoen Hämäläis-Osakunnan historia 1 1986-1918","Kansallishenkeen uskoen Hämäläis-Osakunnan historia 1 1986-1918",https://res.cloudinary.com/dolyfnals/images/v1607464378/1193_swu634_2016416185349/1193_swu634_2016416185349.jpg,https://dev1.kirjapino.fi/product/kansallishenkeen-uskoen-hamalais-osakunnan-historia-1-1986-1918/,"Suomen historia","kirjapino.fi",15EUR,in stock,1607464363782_215616,,,1970-01-29T00:00+00:00/1970-01-30T23:59+00:00,15EUR,new,published,,,,,,,
1607464343390_215614,"Turvallisuuden pettäessä Suomi neuvostodiplomatiassa Tartosta talvisotaan II 1933 - 1939","Ensimmäisen sivun yläreunassa aiemman omistajan nimi (kirjailija Erkki Palolampi)",https://res.cloudinary.com/dolyfnals/images/v1607464369/1193_swu609_2016416153630/1193_swu609_2016416153630.jpg,https://dev1.kirjapino.fi/product/turvallisuuden-pettaessa-suomi-neuvostodiplomatiassa-tartosta-talvisotaan-ii-1933-1939/,"Suomen historia","kirjapino.fi",12EUR,in stock,1607464343390_215614,,,1970-01-29T00:00+00:00/1970-01-30T23:59+00:00,12EUR,new,published,,,,,,,
1607464326223_215612,"Naapurit vastoin tahtoaan Suomi neuvostodiplomatiassa Tartosta talvisotaan I 1920-1932","Naapurit vastoin tahtoaan Suomi neuvostodiplomatiassa Tartosta talvisotaan I 1920-1932",https://res.cloudinary.com/dolyfnals/images/v1607464343/1193_swu605_2016416153518/1193_swu605_2016416153518.jpg,https://dev1.kirjapino.fi/product/naapurit-vastoin-tahtoaan-suomi-neuvostodiplomatiassa-tartosta-talvisotaan-i-1920-1932-2/,"Suomen historia","kirjapino.fi",13EUR,in stock,1607464326223_215612,,,1970-01-29T00:00+00:00/1970-01-30T23:59+00:00,13EUR,new,published,,,,,,,
1607464307453_215610,"Maailmankuvan muutos tutkimuskohteena. Näkökulmia teollistumisajan Suomeen","Ensimmäisen sivun yläreunassa aiemman omistajan nimi.",https://res.cloudinary.com/dolyfnals/images/v1607464317/1193_swu587_2016416152019/1193_swu587_2016416152019.jpg,https://dev1.kirjapino.fi/product/maailmankuvan-muutos-tutkimuskohteena-nakokulmia-teollistumisajan-suomeen/,"Suomen historia","kirjapino.fi",13EUR,in stock,1607464307453_215610,,,1970-01-29T00:00+00:00/1970-01-30T23:59+00:00,13EUR,new,published,,,,,,,
1607464282967_215608,"Tähän on tultu Paasikiven linjalta K-rintamaan","Tähän on tultu Paasikiven linjalta K-rintamaan",https://res.cloudinary.com/dolyfnals/images/v1607464308/1193_swp685_2016410124556/1193_swp685_2016410124556.jpg,https://dev1.kirjapino.fi/product/tahan-on-tultu-paasikiven-linjalta-k-rintamaan/,"Suomen historia","kirjapino.fi",10EUR,in stock,1607464282967_215608,,,1970-01-29T00:00+00:00/1970-01-30T23:59+00:00,10EUR,new,published,,,,,,,
1607464264748_215606,"Reporadion nousu ja tuho","Reporadion nousu ja tuho",https://res.cloudinary.com/dolyfnals/images/v1607464288/1193_swu493_201649182515/1193_swu493_201649182515.jpg,https://dev1.kirjapino.fi/product/reporadion-nousu-ja-tuho/,"Suomen historia","kirjapino.fi",12EUR,in stock,1607464264748_215606,,,1970-01-29T00:00+00:00/1970-01-30T23:59+00:00,12EUR,new,published,,,,,,,
